BJD RV_mlc e_RV_mlc FWHM_DRS BIS CONTRAST_DRS dLW Halpha MLCRX DLW NAD1 NAD2
2457298.85325506 -91.7851193603815 1.37910825147962 7.68564162577273 0.00812837843445458 41.1306806529316 13.9846873191498 0.404720643426011 16.8747697567603 13.9846873191498 0.355098294096783 0.478047230749459
2457298.85824647 -91.6642566392822 1.34570983079056 7.68417455817469 0.00827870186414081 41.1304309422713 13.8417909944341 0.403793320857202 16.8312006809195 13.8417909944341 0.355625202773654 0.478518920644964
2457327.75581989 -92.0867916747478 0.963679878894428 7.68699302969179 0.00891231751392674 41.1125270671814 15.3373583267175 0.407449325375317 -2.2631397110553 15.3373583267175 0.34934905882369 0.479123917178821
2457372.70513863 -99.1750092360786 0.822237016320699 7.68245970718769 0.00940628966617751 41.1238513103718 13.0054808977466 0.404239041054324 -7.40157135915097 13.0054808977466 0.354516889150842 0.485662553211455
2457372.70900456 -99.3179976260926 0.889478698703596 7.68219117974855 0.0117729728307108 41.1212753659649 14.2463103402847 0.404642199663029 8.09213691816382 14.2463103402847 0.354434707104434 0.485319237131778
2457372.71276609 -100.929135795631 0.821401036167679 7.68312552622879 0.010377789678623 41.1287067535475 12.5463696970089 0.404465116137024 2.3532946005786 12.5463696970089 0.354100894487274 0.486009751042028
2457423.59177784 -102.660860684271 0.905980308598605 7.67960926721576 0.0113378852597208 41.1119935800394 12.7287312538771 0.404572499166785 6.95404954704098 12.7287312538771 0.361241006283802 0.480897690795615
2457423.59792094 -102.775510360359 0.779896861335845 7.67818856979028 0.0115405493059324 41.1181209322783 12.4249579164185 0.405086363384744 -2.41221951250228 12.4249579164185 0.361217941448298 0.481404964443597
2457424.58664504 -101.796984248967 1.02770865170941 7.68144197419957 0.0103928068274044 41.10681260715 15.6594430948223 0.404694942977105 5.80444919619268 15.6594430948223 0.361711284888923 0.477659406018535
2457424.59237438 -101.979569826265 1.05260720023931 7.68163479550501 0.0113415800958059 41.0970199003838 16.5292840280669 0.405252108044914 11.8421128052697 16.5292840280669 0.362023875411282 0.4781147212582
2457462.51793346 -104.797380791819 1.02253560052201 7.68223449178846 0.0116400677486492 41.111965583628 14.6110697613273 0.404796711582151 0.733534770365375 14.6110697613273 0.358258453716553 0.483062579678997
2457462.5234995 -104.751032940942 1.02607535673305 7.68157024852154 0.0105993051026676 41.1176138415333 13.2571882747779 0.405121357944259 3.55209505483483 13.2571882747779 0.359371254943721 0.483567452157995
2457464.49992643 -103.991460171044 0.909526941936428 7.68122528288733 0.00827627095778638 41.1044945857246 16.6778848695734 0.405517906595476 -3.88955479367109 16.6778848695734 0.3599381088153 0.481114452318729
2457464.50378912 -103.807524023774 0.951679477414394 7.68180198645756 0.0111652534260944 41.099545388805 16.8701260174013 0.40524167520979 -16.0316187777634 16.8701260174013 0.359538092787353 0.481821308380756
2457464.50747901 -104.881278908158 0.864603790239154 7.68196710273787 0.010831100121413 41.1007436535299 16.7746396582616 0.405209123685458 -7.91635462523165 16.7746396582616 0.35941230750833 0.481716297829923
2458383.89641037 226.025122878687 0.792202287102616 7.68120397595415 0.00883535298352456 41.1409054399133 8.91262546281206 0.40440619984857 0.494444906637472 8.91262546281206 0.354640136784824 0.484656364754067
2458383.89951683 225.940281707437 0.815098790461352 7.68251502047039 0.00962688486702135 41.1449382754585 8.21772325776174 0.403730346511935 3.81171710540051 8.21772325776174 0.354532643934676 0.474813920698059
2458384.81402144 229.815094588308 0.787851286707181 7.67874792129702 0.00955405940627685 41.1531140841532 7.00564600279442 0.403584865573534 4.92670135007386 7.00564600279442 0.354853786491592 0.485942150908317
2458384.81712605 231.752791060092 0.760945974067779 7.68069415720775 0.00790857934812905 41.157305888961 6.94125709456255 0.404266105067803 0.154151114497023 6.94125709456255 0.354980961842206 0.48467302064254
2458385.8133855 234.938025738506 0.751567859855344 7.6813099003783 0.00812397302036949 41.1544960897163 5.97128470449231 0.404334764534719 7.54392982592735 5.97128470449231 0.353146332209761 0.484541273704997
2458385.81652356 234.893252200936 0.793022895917877 7.68002368164688 0.0087713607294031 41.1537332319543 4.71919013599058 0.404213244890414 4.45953838442499 4.71919013599058 0.352557689688532 0.483583475231688
2458385.89851894 235.3054927324 0.75732276623111 7.68009332100156 0.00873802439499727 41.1561087281226 3.82979709840594 0.403976434114885 6.91669132748421 3.82979709840594 0.352799745872612 0.474264760509718
2458385.90166093 235.067603625312 0.732981290519909 7.67896359985443 0.00903034658070823 41.152436150826 3.7268622523503 0.403520661784534 6.00697651017624 3.7268622523503 0.351060743205955 0.472877052928586
2458386.89614652 235.746224762263 0.809366726535758 7.67945430543893 0.00766953260733239 41.1432138051293 7.81440951279828 0.404112027847196 -4.54786737656214 7.81440951279828 0.349996903615591 0.470489046909402
2458386.89933862 237.99739643244 0.751732001426267 7.67976404886886 0.0076615068741468 41.152214325266 7.03107421242478 0.403953580959864 -2.13048947134672 7.03107421242478 0.350089257033811 0.470628143501816
2458393.79014557 243.314673797131 0.868257843207935 7.68157827544376 0.0116484923411218 41.1494759931226 8.47899668378605 0.404125965397528 1.47675618143065 8.47899668378605 0.349548481098863 0.480064712258255
2458393.79332275 244.564074224187 0.852543988929078 7.67879004222263 0.0103397964632546 41.1524873503354 7.03169169251333 0.403591019785829 3.97054885593705 7.03169169251333 0.350370185575942 0.481787627432362
2458393.79647099 243.322500897296 0.843912574831303 7.67927435075596 0.0110885158033138 41.1545578908869 7.04668258789916 0.403958637507109 -1.82405207959435 7.04668258789916 0.348915910025531 0.481921384901596
2458396.87471781 248.41854718537 0.846779605563518 7.67965094513026 0.00862412391423817 41.1591083092908 3.74058931731849 0.40277768345831 -6.67169122750632 3.74058931731849 0.345640893390366 0.478278824318394
2458396.87785078 250.291970635073 0.78843406222277 7.67853917112045 0.00802319303658017 41.1803939979636 0.0746191401832744 0.404908040831738 -10.1595695786305 0.0746191401832744 0.345541586804379 0.47798435093761
2458396.88108339 247.356635902464 1.05890444244244 7.67971233676782 0.00788885842628062 41.1662772906901 2.38707669668686 0.403911164094281 -19.4036403762343 2.38707669668686 0.346165832465375 0.47882257300731
2458397.88700789 249.634962199728 1.16576722257459 7.67985941682485 0.0102663169349704 41.1521994639741 6.14312198579768 0.403609555408342 8.71015008416701 6.14312198579768 0.350495167501096 0.483081424181015
2458397.89018033 251.092172213851 1.24274050855704 7.67884019824588 0.00976318854506353 41.1509158211997 6.53109495883511 0.403845118656778 2.86167788903319 6.53109495883511 0.350795982862445 0.481722709983362
2458397.89327661 252.014491968829 1.06717329763536 7.67737468738145 0.0089319326398396 41.1603105723888 4.10188361014357 0.403648787386942 7.7659804763739 4.10188361014357 0.350698966736929 0.482839154821895
2458398.89267798 252.295581692721 1.09960988711283 7.67745679097518 0.00802522857829935 41.1578899250405 7.87556430683209 0.403581788918165 9.53768084440061 7.87556430683209 0.351558744263032 0.483102808496066
2458398.89552265 252.702418730574 1.04687481518767 7.68198763361333 0.0114069593639705 41.1359936369319 9.5036313583066 0.404093480433461 6.5115714678471 9.5036313583066 0.350390106567189 0.481850327890829
2458398.89879808 252.330969257148 1.15357368495075 7.677312284619 0.0128238262050608 41.1348561837188 9.98634025229413 0.404602061807814 7.10328130423147 9.98634025229413 0.352281973498685 0.481208601685909
2458405.88215 258.295930128525 1.74464000933873 7.67836227070558 0.0122717050732657 41.149627238061 1.7253199351675 0.406032934942751 3.41508695147042 1.7253199351675 0.36133796083768 0.482994945656803
2458405.8852898 259.242278454422 1.79133414416295 7.67776966183794 0.00736080806959727 41.181729609606 -2.79907892848288 0.404957483452753 5.70765838135378 -2.79907892848288 0.363581505963673 0.485503559039823
2458405.8884267 260.290497512602 1.58617193791662 7.67972582450108 0.00516290117581342 41.1652868043112 2.79669960007913 0.404097023895224 -4.95685895782217 2.79669960007913 0.362218151649357 0.482064331358424
2458407.84978011 259.030171280871 1.19359682962114 7.67671609315494 0.0106713619561152 41.1489663893645 6.96116724211814 0.405082096952563 -2.93621496276764 6.96116724211814 0.360502611354963 0.483535405917655
2458407.85300162 260.225495272725 1.1828764722253 7.67843545648952 0.00870222512145169 41.1463440089337 8.18187446114066 0.404411926368021 -9.41934093397306 8.18187446114066 0.359680153719056 0.481172478160581
2458407.85622152 260.768811236728 1.26215074751759 7.67896937358208 0.00795926190297713 41.1551665544298 4.27360943942551 0.40374198274831 -2.74730445665091 4.27360943942551 0.361601407908901 0.482321234834646
2458415.70245065 263.682669899704 1.076327601186 7.68098708407042 0.00839793497878638 41.1423562122215 5.816758314129 0.403564147438928 5.07872949415353 5.816758314129 0.348109648153807 0.469670965752764
2458415.70614314 265.226319382724 1.00997451224871 7.68006884466392 0.0105815377401708 41.1463904426345 5.877923298248 0.404350119258425 -2.62857325728281 5.877923298248 0.348644161533751 0.468980092380877
2458415.71007972 265.967597223752 1.03190464641235 7.68211953537078 0.00613207934171101 41.1453141278643 7.40225500258838 0.403795986323676 -7.16764199863724 7.40225500258838 0.349272806835164 0.469430878170386
2458415.71390866 264.01274267333 0.913731941603567 7.67997918401565 0.0091729627698296 41.1485367326334 6.16338622602741 0.403944402168626 3.74526602197367 6.16338622602741 0.348934564577446 0.469577757757359
2458415.71767013 265.123822089778 1.03887266482883 7.68115103271698 0.00769243161621169 41.1449457747409 7.20640566016599 0.403875245901157 2.53749449981977 7.20640566016599 0.349588582139604 0.469664333269167
2458415.72146633 264.520845270466 1.04626465165308 7.67981354983017 0.0106115574489252 41.1466290580279 5.95642150404878 0.404846653851594 1.09315777571395 5.95642150404878 0.350279739585087 0.468700370493759
2458415.77354313 263.873286373416 0.984889368420507 7.67870519705931 0.00880011518973411 41.1499108882156 4.93947268250442 0.404491911479996 -0.739475504463913 4.93947268250442 0.349340405962187 0.468744944387258
2458415.77741409 264.926359081259 1.11718339997124 7.68191295902788 0.0100815334634419 41.1410684894513 6.45421952861539 0.405379003892704 6.07746806000588 6.45421952861539 0.348960328523729 0.470113750584732
2458415.78138411 263.87954618637 0.958399409161265 7.67921563252486 0.00930106020333277 41.1554824533242 3.14162485558539 0.404180658835268 -1.34183357902977 3.14162485558539 0.350189647634504 0.468787376290741
2458415.78504154 263.820248575024 0.934328491890209 7.67783468534225 0.00850681534351239 41.1543498743282 3.57394134239927 0.40442980780227 4.63801351658082 3.57394134239927 0.349385585305913 0.469213486395285
2458415.78894166 263.310232454433 1.01227816488849 7.67850065752391 0.00907945858535086 41.1516005484088 3.96527382323801 0.404206093114391 -0.700754399932206 3.96527382323801 0.349349634320326 0.469182950734507
2458415.79273796 263.866996009118 0.98194149812949 7.68007733053861 0.00695160766858827 41.1408074627391 6.04836305967975 0.404320269715295 0.771567234435642 6.04836305967975 0.349044004718823 0.468349502868467
2458416.7930093 265.880792278468 1.48773785602201 7.68466440297207 0.010461877258761 41.1265026024717 10.2434870147877 0.405269008477951 -4.55420431984398 10.2434870147877 0.348315326405472 0.46889221288448
2458416.79666336 266.867231796457 1.38018777876765 7.67845058277286 0.0112321065370651 41.1198608875266 5.44388568596285 0.404960323907608 -0.589004679679604 5.44388568596285 0.34682956721809 0.462735885556906
2458416.80064462 266.644594631716 1.27606283647273 7.68214522071457 0.00711210769616955 41.1545440701331 7.26839981737303 0.404889742251347 5.44821927160796 7.26839981737303 0.345135226081104 0.465170356898221
2458424.85389353 267.114597696258 0.915188046514771 7.6765101795383 0.0127183239853395 41.1500615283097 6.8554443392659 0.404745045761326 4.7928435929326 6.8554443392659 0.345064096096812 0.474342032468818
2458424.85772399 266.72979595443 0.871791431645284 7.67608058190329 0.0124503286982129 41.1530544529313 5.33147130352352 0.403721823840912 4.38975144900079 5.33147130352352 0.343963564241698 0.474301668610846
2458424.86144959 267.661336836631 0.861478365345559 7.67758905138421 0.0079990547038058 41.1507332470877 7.9107198414838 0.403252167271355 -1.14009947557398 7.9107198414838 0.344105219747211 0.474709895710529
2458424.86534996 265.686717241868 1.10169811332761 7.67802028495084 0.0100684130958584 41.1558501080297 5.37073972030603 0.403285912093187 8.53724903704393 5.37073972030603 0.343952714963332 0.473233403976775
2458425.80833484 263.363119327505 0.86334465841575 7.67905736572952 0.00951381332666124 41.1517196263961 3.72026899975291 0.403752311067093 -7.23844054599255 3.72026899975291 0.350766242118558 0.470009011836517
2458425.81212642 262.815130947116 0.887736830745661 7.67850864977363 0.00936397696218272 41.1448407998007 4.79666376224835 0.40373714214028 -3.52521861367715 4.79666376224835 0.350205622204065 0.471416866559759
2458425.81599114 263.853707782065 0.98276078398349 7.68048298379661 0.00783831328807238 41.1476691826745 3.38028590674797 0.403600536247029 -9.10878934758013 3.38028590674797 0.350494740217952 0.47136889187054
2458425.84383333 264.660421708758 1.03227590831585 7.68143479211777 0.00729238377063623 41.1403072292316 3.59147846722932 0.403566731026267 -4.02246036887589 3.59147846722932 0.351292662119326 0.472339815098499
2458425.84769284 263.311698610169 1.0028583066723 7.68065946720512 0.00921791063663946 41.1513725513165 3.46656469817843 0.404416725517842 -6.70000125777523 3.46656469817843 0.350941522608968 0.470602706952938
2458425.85145397 263.676182998508 0.955616508120299 7.67996536203732 0.00976835027957002 41.1481660986163 3.18286291003289 0.403792364944669 -6.63293722000205 3.18286291003289 0.350923276081759 0.472015560510979
2458425.85538894 263.06526842966 0.95777566165634 7.67962937847586 0.00835757358946765 41.1440021218143 3.5090407351335 0.403990406027559 -8.06677720919149 3.5090407351335 0.350866356798398 0.469829604687798
2458425.85911534 264.331820027651 0.948332900607233 7.67991376104694 0.0115871007384154 41.1438468684243 4.05402487992084 0.403560995608246 -4.89393956430307 4.05402487992084 0.350956549642069 0.472122007300231
2458425.86305055 263.70167292462 0.894385501076485 7.67985099805491 0.00932127051721388 41.1423707652305 4.6161437464892 0.404249341462097 0.834279621569329 4.6161437464892 0.350612187305888 0.471014276756289
2458426.79511107 264.20379490645 0.85813885547412 7.68230335001466 0.00947561966877331 41.13862155739 8.43558554179127 0.404286526107466 5.42791465715151 8.43558554179127 0.351001881889878 0.472215554690978
2458426.79894801 263.632741293294 0.854157405086964 7.6817041638909 0.0108093834036183 41.1521720007819 5.87137631666334 0.404141014151059 10.6402892382565 5.87137631666334 0.350993078138859 0.471567408067576
2458426.80277812 263.59280551227 0.87698775585525 7.68078506582174 0.00868867805822582 41.1530502728458 5.63129131376015 0.404363955696987 9.19413392318985 5.63129131376015 0.351073302197278 0.471956833351858
2458426.85333489 262.712070666608 0.92856749030144 7.6806403012974 0.00896092509136004 41.1418102145378 8.1512034030425 0.404329582760596 7.58201682035699 8.1512034030425 0.351775103606775 0.472475438894845
2458426.85692034 262.712250476378 0.887419262920387 7.6814712676106 0.0102952815825024 41.1472863269856 6.79533298178454 0.404632663666981 8.86465728898425 6.79533298178454 0.352253201043343 0.47347093077516
2458426.86116896 261.639672629056 0.820557454051585 7.68128850246802 0.00866707043281778 41.1427864474545 7.46344803114239 0.404093605507854 6.36332527535568 7.46344803114239 0.352904762383795 0.473456603695196
2458427.79211765 262.650170878345 1.18644008259256 7.68030353830142 0.00849131740548614 41.15604404156 4.27428213033891 0.403789222659339 9.95243274684931 4.27428213033891 0.352709835076848 0.472667069474476
2458427.79590876 262.126799060445 1.04992414574547 7.67822251757151 0.00827937173655968 41.1619652321754 2.15651392369413 0.404597453717948 3.12700410768868 2.15651392369413 0.35254351867758 0.473100366672951
2458427.79977325 263.402761564644 1.13037681521532 7.67985251337826 0.00771249122429296 41.1674728586079 1.76824869757685 0.404205126770646 5.39771627302929 1.76824869757685 0.353193416319713 0.474149944525735
2458427.83053083 263.062266203485 1.06634171916438 7.67958494223737 0.00686989579746999 41.1586603496156 3.38239849622322 0.407428919705302 4.53724418875757 3.38239849622322 0.351914855405898 0.473010844692351
2458427.8342863 261.659931544241 1.07742687891019 7.68110727263748 0.00688637867308195 41.163090712748 3.00293888018539 0.407848270142287 4.6092232839911 3.00293888018539 0.352689694216255 0.473263237867839
2458427.83818771 262.597311321663 1.06675428270695 7.68077727123653 0.00732013180556379 41.1583008864617 3.29498829262412 0.407528786139911 8.8850834237253 3.29498829262412 0.352655899486127 0.473076564163999
2458428.8147429 263.790141481258 1.01453863443091 7.68008508222599 0.00853539855929419 41.1491703243396 4.06698909525 0.404258042288218 10.0933770444099 4.06698909525 0.351968170640324 0.482141748426315
2458428.8184001 264.653232873881 1.02776738180036 7.67940039581222 0.00828008879268083 41.1493741840956 2.96771170911814 0.40384444780516 6.34968640155672 2.96771170911814 0.352382106727024 0.481981355514255
2458428.82233518 264.589931336599 1.03009469669509 7.67640666881239 0.00837854803824101 41.1522428983361 2.5531716043251 0.404398284004275 2.24490266322662 2.5531716043251 0.351632182537929 0.48247758650959
2458428.83987795 264.381347577429 0.931495802997653 7.68067505711858 0.00873389360065069 41.1501651742412 3.65475528813543 0.403884811273082 8.15516083464553 3.65475528813543 0.352511044518872 0.482144712990173
2458428.84367797 264.845910489011 0.997417062112915 7.67937238261868 0.00762000510431449 41.155647547036 3.78676569239597 0.403826757253271 5.15460731230319 3.78676569239597 0.35199058020557 0.482083197550969
2458428.84750912 264.243695064126 0.956729691210185 7.68236357751003 0.00827695393641825 41.1490202291922 3.18829102201137 0.40415617722069 6.80503949314627 3.18829102201137 0.352098805317455 0.482904984936784
2458428.85194042 265.678491298987 1.02014832551147 7.67907938757186 0.0079926811257085 41.1520524382473 2.72789726134738 0.403824977448721 9.38009370245141 2.72789726134738 0.352449454663878 0.482001541727867
2458428.85569588 264.674077661306 1.00758578601004 7.67937784443495 0.00786061509532132 41.1535185330289 3.10469855465045 0.403716793252199 9.46559099628749 3.10469855465045 0.352445328348858 0.482727586175607
2458428.85955712 265.115346544247 0.957503882954034 7.6803650903292 0.00779690905461905 41.1581088375724 1.55819705650511 0.404367017754863 0.860791472745495 1.55819705650511 0.353126719524303 0.482562384579684
2458436.79962561 264.672131755861 1.25480023906231 7.67842986215106 0.00736823192772285 41.168672112075 3.19663096598979 0.40422706931567 2.13266553062105 3.19663096598979 0.353110214774958 0.473511188428226
2458436.80342124 264.601927830294 1.29190744026192 7.67962615271177 0.00966171875653643 41.1638894744678 5.02550077774069 0.404335927872842 10.6437664408816 5.02550077774069 0.3530462750222 0.472651333322155
2458436.80711352 264.759264810078 1.27276127179231 7.68127130061538 0.0113925059129958 41.1669108730022 4.30648037270764 0.404971232837048 -0.698927611320692 4.30648037270764 0.352066640381744 0.472707544592808
2458438.80398118 259.138127814775 0.910044705930036 7.67982518056565 0.00888364725632407 41.1516563416288 6.94236179998674 0.404246603111492 16.8498559967448 6.94236179998674 0.350339390244863 0.479293627055785
2458438.80785019 258.266065112216 0.882452538212509 7.68185565987227 0.00746906037791817 41.1458327322533 7.09469851838839 0.404310072683425 11.5927406605415 7.09469851838839 0.350268454636347 0.480230466247093
2458438.81161238 257.274696362333 1.02290097657876 7.67845284559585 0.00900387243614453 41.156320145025 4.95719339622187 0.404481334383614 19.4501306109547 4.95719339622187 0.350493728742535 0.481116811352641
2458442.7712984 258.196552074957 0.922421567541809 7.6785009214733 0.00981025589247331 41.1459808944834 7.4026263197294 0.404656280944053 1.74449551611358 7.4026263197294 0.351914351260221 0.471876089000739
2458442.7751989 257.832949338162 0.929856267767194 7.67950651869514 0.00758930237341282 41.1482501951596 6.52700190249738 0.404680379688638 0.909043091761668 6.52700190249738 0.350982024894494 0.471304587992926
2458442.77899546 258.3484936097 0.840358911339415 7.68094494975689 0.00745318135982131 41.1442983310317 7.70147384294414 0.404467410682896 -0.680688031924708 7.70147384294414 0.351954875608095 0.471912395865324
2458447.7514377 252.288943223332 1.16418223378763 7.68139752042759 0.0097682680225688 41.1521776603908 5.99369296930946 0.404637632690375 8.12311384454675 5.99369296930946 0.356797396289254 0.480487835633703
2458447.75527142 252.634128609608 1.10326316228669 7.68109215996948 0.0103056150712 41.1515518117505 6.39437773304511 0.404467443303073 2.43104247643847 6.39437773304511 0.357442226319863 0.479597431324192
2458447.7591371 251.987803313798 1.14584599982967 7.68140214071802 0.0110089274745953 41.1467931074128 7.36700980194827 0.404351971885965 11.6865187782084 7.36700980194827 0.357813838259467 0.480307480633929
2458448.85553874 252.451675438283 1.27271735291659 7.68119185595655 0.00974795813971063 41.1367063447282 7.90658619094634 0.405081971783824 1.77028006040925 7.90658619094634 0.356195792549444 0.478321193491763
2458448.85940151 252.782170874199 1.23700442423478 7.68040980582033 0.00977000007517148 41.1376792005863 9.13312763127523 0.405163974878392 12.1315193275319 9.13312763127523 0.356379755319359 0.478062348740486
2458448.86312819 252.723657501677 1.27242053420759 7.68337053264778 0.00851001854709388 41.1281818280626 12.0201733378122 0.405409647957391 6.57707895144752 12.0201733378122 0.357133707024876 0.478814893620508
2458449.86003533 256.271983667833 1.16354781230603 7.68094758714292 0.00971910349869987 41.1407750039246 8.78919375086406 0.405431624765638 14.4960168246847 8.78919375086406 0.357028558585655 0.477371226895524
2458449.86383376 256.621284193056 1.27689070222365 7.68148755022167 0.0117493601790564 41.141725189721 10.2943629356137 0.404801396894702 11.4377024919939 10.2943629356137 0.356601408189793 0.478555250780734
2458449.86773554 256.225315555975 1.15581210698171 7.68259816336281 0.0123702585032923 41.1330714162815 10.6869601463367 0.404907776263536 12.9903517397342 10.6869601463367 0.356285963477558 0.478037196377161
2458450.85556401 260.701446233735 1.36098004989254 7.68128571300533 0.011942521636561 41.1580335180815 4.51104021365386 0.404631146055108 -1.81568860770838 4.51104021365386 0.348945735997257 0.47004727183542
2458450.85939993 260.677064460108 1.44407771103058 7.67970592057085 0.0104272217807395 41.1455585200993 6.54391474549387 0.404014465106635 -1.84845918494803 6.54391474549387 0.349077035164287 0.470081418890618
2458450.86330589 261.078508119554 1.37365956739346 7.68086682155757 0.00924962987398459 41.1475804265879 6.9375178297524 0.404406244592166 2.37972052979941 6.9375178297524 0.349535962174696 0.470304980607869
2458450.86706196 260.456746652758 1.35077048033785 7.67867832407519 0.00990479797110133 41.1472738598697 6.39416883512633 0.404396407715147 -2.36909543692771 6.39416883512633 0.349974045192365 0.470443341924915
2458451.78203401 243.132275881589 0.639161061160598 7.6817744001822 0.00949082530588363 41.1489789438287 7.28800952615527 0.404719718674524 2.29595693506178 7.28800952615527 0.350299698278881 0.471634755143113
2458451.7858822 243.992268222414 0.576987573031954 7.67851069059071 0.00940820530622766 41.1528897375972 6.71465630835946 0.405483485136369 -4.83035169922915 6.71465630835946 0.350146202163621 0.471626409991786
2458451.78972485 243.647243281508 0.652821108249929 7.67826501619373 0.00696317240625177 41.1518635369095 6.18253005385355 0.4055383155592 -4.50796255811486 6.18253005385355 0.350964956752811 0.471318620680046
2458455.7668612 242.007453506094 1.02606661276075 7.67824977962322 0.00985030888398342 41.1424910284596 8.08951252069393 0.404621985464384 -6.50249264591915 8.08951252069393 0.360288811241121 0.481911054368689
2458455.77070582 241.82287196982 0.824189898877135 7.67909678389885 0.0114782724543154 41.1354496033403 10.0999967270591 0.404507362482576 1.54693617819883 10.0999967270591 0.35997395341025 0.482966232254519
2458455.77458365 241.490902494156 0.810226223805232 7.68073146137297 0.00940118353630659 41.1413875498469 7.55694336995196 0.405110541548565 -0.682538107800918 7.55694336995196 0.359609291670185 0.481249219983131
2458467.76591334 226.149479175659 0.843630244330357 7.67831855605601 0.00849603962763723 41.1581778015196 4.78052346892655 0.40477160145703 19.2523361563311 4.78052346892655 0.362663734166218 0.48366600896321
2458467.76975033 225.503880947289 0.701396099140889 7.68154800614097 0.00813569241314305 41.1558228158086 6.59859036946669 0.404625762187972 15.4275356000059 6.59859036946669 0.36258934263529 0.484269414103744
2458467.77354658 226.709402655423 0.77582029202153 7.67821160835409 0.00987485391895859 41.1573586819491 6.24886112022103 0.404703796864411 19.4316871465264 6.24886112022103 0.361856611305809 0.485490449666937
2458473.73481801 217.924029521187 0.642819769333755 7.67945606510555 0.00963345331023469 41.1506732812231 4.61243536791908 0.404861426101844 -12.2381444628508 4.61243536791908 0.361168089978714 0.485798220287625
2458473.73858092 217.915330545366 0.601554653862618 7.6812267344122 0.00903961281822063 41.1440464748162 6.98862086301594 0.404862114649498 -8.94260730141432 6.98862086301594 0.361520267464312 0.485065323040694
2458473.74416802 217.662659711791 0.593036543063261 7.68036662896375 0.0077855192919678 41.1418318823925 7.07351318204891 0.405095032153352 -10.9248740004078 7.07351318204891 0.36059931518302 0.485224584214184
2458473.74793418 217.10436206391 0.580502796350088 7.67956309356809 0.0112340662508377 41.1510274695582 5.64286496805782 0.404586723026455 -13.1985210372168 5.64286496805782 0.361047338742882 0.484711195567661
2458473.75179861 217.560047843665 0.579104350599831 7.68019059205838 0.0101947108092517 41.1492956400363 6.20618947098437 0.404756117835 -6.78784698501569 6.20618947098437 0.361277964187932 0.484746936400986
2458484.73408964 202.497453336239 0.613153698362281 7.67889082314982 0.00976116243736058 41.1504634690532 6.50017766279967 0.404903132907865 -2.16298398380357 6.50017766279967 0.353732589214984 0.487226602834076
2458484.73798986 201.211334907197 0.625179119885456 7.6791678837205 0.00965303169426868 41.1576695891963 6.14733666082917 0.405015844575753 2.62627643045528 6.14733666082917 0.353822224919899 0.487731256391437
2458486.68972462 200.518617781805 0.82318457834216 7.67598876723901 0.00748347347772516 41.1454191519704 8.38558192723843 0.405519240543716 12.1745606169568 8.38558192723843 0.361104499513883 0.489245596356168
2458486.69344729 200.570737916986 0.748570206551917 7.67749321832232 0.00685528565520777 41.1441481716878 8.38995414927276 0.405804127015779 5.50882464878488 8.38995414927276 0.359474168147699 0.489245666403711
2458487.6801394 200.500958625694 0.54113036849577 7.67942391528993 0.00932358131443323 41.1476108896347 7.55367123577501 0.40447360660787 -8.64362145718117 7.55367123577501 0.362132560080287 0.4770008347344
2458487.68397226 200.487846040945 0.606717382843922 7.67776472508671 0.00884137838407817 41.1553788135511 5.68038521529716 0.405014452460285 -3.76565424527839 5.68038521529716 0.362399638951417 0.477357806184632
2458488.6916758 198.641703871733 1.09456932606235 7.67586135000793 0.00894900639336882 41.1421971175578 8.52487328408777 0.405040103310894 6.74506937554393 8.52487328408777 0.352881121663553 0.479995140079423
2458488.69546908 199.349948667161 1.22180984521813 7.67873447536883 0.00896597473320604 41.1429050569225 8.63890401650812 0.405508955381738 5.71235886262992 8.63890401650812 0.353340515033597 0.478990895467602
2458489.70511678 196.856923259888 0.943374774869121 7.67736057221146 0.00749428267903163 41.1531570978657 6.68067610986155 0.406341222572422 0.740922869437379 6.68067610986155 0.352600553203594 0.489568860129507
2458489.70916608 197.360294654358 0.806917188608111 7.67763369314855 0.00883559712006843 41.1478499341027 5.98232334579296 0.4063389413034 13.1478570350738 5.98232334579296 0.35334846281247 0.491189571889681
2458490.73558879 190.711602197142 0.646119624373173 7.67759680322427 0.00944499235586527 41.1531489326024 7.28240408516782 0.405108467188121 -2.30759857194965 7.28240408516782 0.355704019019567 0.486587902388765
2458490.73949515 191.398507367404 0.88368544024578 7.67648078949788 0.00721916687514934 41.1605132759897 5.97430848733781 0.405227859309571 10.7966328075191 5.97430848733781 0.354605056508137 0.487616250335404
2458491.65393981 194.789827897459 0.88505973440836 7.67952352058159 0.00793873859529093 41.1491767451772 8.07575214879622 0.404682170947563 -4.03264026390695 8.07575214879622 0.355028203049164 0.486215089035395
2458491.70246756 193.711161975216 0.960195410957131 7.67991542985168 0.0108445256916792 41.1453618987346 7.77443038731468 0.405205668807477 3.83251507046405 7.77443038731468 0.354650294277431 0.48607119643863
2458501.5797185 182.362295922245 0.822117885280325 7.67722812290368 0.00948654993377218 41.150411271821 7.4721720505363 0.404581981969064 -2.20400292616321 7.4721720505363 0.353908196683438 0.478215071598835
2458501.58355267 181.13710463781 0.735473087597792 7.67573393885545 0.0110388086388706 41.152951003221 5.54790647709673 0.40544066664985 4.36007138412429 5.54790647709673 0.354764824444968 0.477830640653706
2458501.67432359 182.232480495694 0.720764893860649 7.6779321384783 0.00767480953083499 41.1488874555239 7.22181685413294 0.404898218100662 5.60358990944241 7.22181685413294 0.354896162695545 0.475424715121895
2458501.67819433 183.188609365247 0.733786128616874 7.67683703103763 0.00825721835456683 41.158461103505 5.99947586673165 0.405072762284172 1.79980912838941 5.99947586673165 0.35515221281402 0.476882923616813
2458504.59063937 176.996635351369 0.937251837333844 7.67891631322194 0.00774956270070959 41.1559852620801 6.72149278203531 0.404870270114013 13.018118842293 6.72149278203531 0.353584637371581 0.489538194913474
2458504.59450859 176.370774257618 0.8752835374655 7.67784297471115 0.00719095923461133 41.1510019672359 6.94510002546091 0.40535495180834 12.6271630878077 6.94510002546091 0.353361579508984 0.489369225352292
2458505.59103368 177.600382840596 0.676428359206062 7.67820311591637 0.00684502149784194 41.1487498890958 6.54802217124578 0.405538425314894 1.5125170017557 6.54802217124578 0.361841442295469 0.487877388799074
2458505.59486714 176.932131773883 0.644903977124708 7.67718575085826 0.00850863570583016 41.1493660541908 5.83578090707505 0.405151873727847 1.80848865372724 5.83578090707505 0.361252708062091 0.488171266056707
2458507.58070914 174.222541951258 0.645089498675375 7.67800200519932 0.00970079364968335 41.1382227426041 8.05417849931204 0.405506982783359 3.86395499273418 8.05417849931204 0.360105794604441 0.479615239593263
2458507.5845345 174.995770995722 0.604277253655009 7.67876542085693 0.00977301757150961 41.1461801531222 7.52259005871345 0.40519833546193 8.62731976423292 7.52259005871345 0.359718621044469 0.478974426916241
2458508.58395629 173.206666123198 0.718876560575673 7.67791558911914 0.00640315452019458 41.1313192108053 8.57684330507479 0.406017658271666 0.782636970035487 8.57684330507479 0.348495633603215 0.498740092404608
2458508.58771869 173.661775736825 0.778971298896095 7.67652655005578 0.00857225217179014 41.1323533367934 8.28560387157283 0.406435926815638 7.97105796759862 8.28560387157283 0.349429767440687 0.497697387061672
2458508.59161871 173.848815204703 0.747365032011369 7.674743757148 0.00699144045459477 41.1374612285108 6.8744390272506 0.406076975760116 1.91894283650131 6.8744390272506 0.349551764516499 0.496939894231896
2458516.58857267 165.807841347635 0.69367521147125 7.67833227092882 0.00885541614317376 41.1459122052599 5.46059688652814 0.405297478573231 -10.5248540905227 5.46059688652814 0.350658208753008 0.495007778958835
2458516.59243463 166.567219423288 0.711679004258526 7.67592291749553 0.0101188383208637 41.1493789693956 4.99678929336656 0.404931882800628 -6.85799222207266 4.99678929336656 0.350211378014862 0.494078168854116
2458517.58888679 163.990295624754 0.539509996803675 7.67646925200982 0.00739702061528646 41.1413254744772 7.29912092939295 0.406021828620019 -0.859305894226514 7.29912092939295 0.350806066784513 0.496463490062096
2458517.59292883 163.195733611495 0.570829478074038 7.67750522520493 0.00958586737069034 41.1423143198082 7.59647935847109 0.406027689588308 2.84464518824569 7.59647935847109 0.34958556157301 0.495305772551205
2458518.56424458 163.072470559126 0.691136324936825 7.67793454772683 0.00879721955397805 41.1346346455939 9.44415721795631 0.406085415549374 -0.150899990417803 9.44415721795631 0.353798055342545 0.491814133736649
2458518.56794079 163.952741920286 0.70474756454932 7.67534460401061 0.00804359699040447 41.1415467765029 8.05943014994995 0.405408271009071 -0.544580345388879 8.05943014994995 0.352831100878174 0.49087215416972
2458519.58112456 161.208046062286 0.680777586365834 7.67709156789419 0.00899434108882602 41.1383507774413 8.08219464388725 0.405144003236285 2.90705542637616 8.08219464388725 0.355095667595472 0.488635705715588
2458519.58496105 161.036584816825 0.612221309681855 7.67448275344726 0.00952894211475552 41.1477478716317 6.1419242631906 0.405603935824135 0.719999755393408 6.1419242631906 0.354242838909629 0.490598077000928
2458520.59285352 159.431623184949 0.835543638797479 7.67755646914902 0.0111633050241959 41.1558412923908 6.43547089945028 0.405764634751627 3.43075291822267 6.43547089945028 0.36244514788969 0.488959385216821
2458520.59680738 158.899904257028 0.76170923481145 7.67476736191581 0.00903340008170517 41.1543430461267 5.275802261221 0.405448123497281 8.53446457023823 5.275802261221 0.362344274675565 0.488279097151505
2458521.61956716 160.506238701599 0.874715694072119 7.67985028307684 0.00987332273305697 41.1407399929337 7.04947139654278 0.405205489062322 -1.42601708149682 7.04947139654278 0.357732968287557 0.484967859347647
2458521.62326998 159.412749257731 0.849674165631552 7.67673659836333 0.00816275024239488 41.1426938130735 6.32525069904482 0.405761136019396 -7.01961090994511 6.32525069904482 0.358044426697863 0.48468516806428
2458522.57530022 157.974937699244 0.635691165718137 7.67654749603458 0.00796070914830516 41.1525984387673 5.59769054826988 0.405989740367949 -4.20280195597369 5.59769054826988 0.357751999314518 0.485576825253952
2458522.57897363 156.816933091917 0.988669235084002 7.67663883339592 0.00758202131221353 41.1499079955491 5.75254393664278 0.406082371463653 -1.60164829386234 5.75254393664278 0.358091857052045 0.484745191187149
2458524.57740923 158.322361385273 0.805204060158672 7.67542582191592 0.00943018956938779 41.1501958054448 4.82371648968538 0.405363470291844 1.81554231117536 4.82371648968538 0.350058250497461 0.494491520240398
2458524.58107986 156.460315547169 0.727671445178571 7.67390265851656 0.00807339609462865 41.1563591982227 5.01357971853477 0.40533629332143 1.62678311113711 5.01357971853477 0.351142954370391 0.493652228585942
2458528.57867715 152.564315174264 0.896757254741997 7.67680119273763 0.0095799184177725 41.1529551218572 5.6268605446742 0.405151636660341 6.41364455924972 5.6268605446742 0.354682034153836 0.487651627263932
2458528.58243528 150.652840393309 0.826610145061847 7.67403845133608 0.00730352488827712 41.1563132138506 5.23058650431122 0.405164292784397 4.02437767223759 5.23058650431122 0.355932011922379 0.487496898637293
2458530.64302069 152.254705392965 0.832326846711193 7.67890457054075 0.00967838968568913 41.1430116880078 7.89836355707066 0.404751304769257 1.58645919555457 7.89836355707066 0.361677842623681 0.479200614168948
2458530.64684769 152.869764686636 0.769257954175027 7.67654369586559 0.00962565363931489 41.1492380236776 6.75642759050522 0.405501761410287 0.612288467396951 6.75642759050522 0.362100855235105 0.478936741875272
2458531.53151159 149.916465929956 0.769440919765036 7.67791668176195 0.0079471541278604 41.1522353672765 6.78140628015586 0.405197058451132 -13.5172470437093 6.78140628015586 0.36065323588703 0.481716637434331
2458531.53530469 150.411077874481 0.831533703135151 7.67855998106859 0.00889521223236756 41.147787600326 5.73470222043678 0.405309472643641 -11.1351147227221 5.73470222043678 0.360367504691109 0.480909922953667
2458535.5707827 144.119649988463 0.656485915303999 7.67628132600405 0.0116040990512882 41.154607017285 5.09234723362689 0.405125349206099 -0.244395055422373 5.09234723362689 0.352533547198977 0.492111943304826
2458535.57457695 143.444618390518 0.638890419072758 7.67458388561477 0.00951101598786153 41.1450562461274 6.91450905846354 0.405086906928666 -2.27269219259793 6.91450905846354 0.35273681963424 0.491745855960054
2458537.56984253 143.039747857921 0.69893038887039 7.67661105244295 0.00846810154222943 41.1506740352265 5.46252042838285 0.40518675349557 2.36311430429101 5.46252042838285 0.351891203351576 0.492716521874821
2458537.57363458 142.940229850173 0.634976962204136 7.67796641153024 0.00765217868058876 41.1585224080588 5.62975138463932 0.405350619139975 3.3373901930582 5.62975138463932 0.351350438407318 0.49341795904482
2458541.56429655 137.610752794894 0.724415344029328 7.68012207593441 0.00810291604444124 41.1529372816176 6.5299680026656 0.405730991139133 -3.18434619031 6.5299680026656 0.351584556596792 0.494168964186396
2458541.56798606 137.752357897659 0.772903761536335 7.67673409361483 0.00907047273671147 41.1585548672102 4.87923559955102 0.40540920672686 -4.47423260168428 4.87923559955102 0.351609868396358 0.493918042124935
2458543.55424613 137.682420083714 0.659983828066182 7.68088116045626 0.00770586536807727 41.1501371137358 5.27237528123029 0.405661309089375 -13.7402188216257 5.27237528123029 0.354741750541011 0.488797013628164
2458543.55803727 137.01444847054 0.64048757431868 7.68236874560978 0.00886180491166932 41.1501447633376 7.04415682395864 0.405417613172274 -8.12445530420386 7.04415682395864 0.355409454049763 0.488246332436516
2458545.56157305 135.450379103009 0.580309607475552 7.67978686083518 0.00612666057836542 41.1517399959522 8.11389730523935 0.405638084055407 7.79657789629507 8.11389730523935 0.357159563158037 0.484251933611696
2458545.56550391 133.559391503746 0.538086853578019 7.68150520887046 0.00843496849536507 41.1463017094404 7.55786345869789 0.405436397422961 2.73889082946577 7.55786345869789 0.358359603793443 0.484381747303343
2458546.54069748 132.710996064469 0.649972779172484 7.67619155353681 0.00869724901115987 41.1551358034131 4.3729622563483 0.401896335319667 -10.6223679658051 4.3729622563483 0.359186866188763 0.482471948598801
2458546.54435229 131.539927149423 0.641898161163957 7.67720236335462 0.010159575311345 41.1497067596085 6.87028258758684 0.402039947847744 -6.4023467662192 6.87028258758684 0.360517101574177 0.482723804764412
2458548.53688227 132.389482801428 0.774091794657474 7.67886952049794 0.00714994364937027 41.1582598571968 6.40076101944001 0.405374119457271 10.257013832872 6.40076101944001 0.353945509262055 0.491011348518265
2458548.54067423 134.09875694562 0.774242139899114 7.67713754300902 0.00924305717331642 41.1529542628217 7.42989380102406 0.405559831743555 -2.89930495531178 7.42989380102406 0.353289143011801 0.490240305085716
2458550.55630913 131.974420502157 1.0257998437249 7.68161600465908 0.0085720560425937 41.1454069349878 7.4446888973928 0.405129201941791 12.0393190336723 7.4446888973928 0.350510663289743 0.493967865711526
2458550.56017112 131.603484654458 1.01349814473932 7.68191718464902 0.00915256385177088 41.1486112882376 6.71590112022846 0.405766774735635 7.89481423563407 6.71590112022846 0.351232543991764 0.493583320967503
2458553.59812046 129.388715145937 0.800086720574497 7.6785751848494 0.010107912944969 41.1590621118522 6.44218566141992 0.405494226013483 -2.10108725897351 6.44218566141992 0.354465245875707 0.490209148892456
2458553.6028735 128.5400635219 0.762762803992626 7.67993921004706 0.00834511446749886 41.1593088058304 5.69773437176369 0.40588691040175 -4.45533276603325 5.69773437176369 0.354042367934515 0.490945272077725
2458556.51983494 127.397360101503 0.764996476658429 7.68224201606742 0.00831640202737205 41.1539713742017 8.59336600309028 0.405416422494846 -3.39292159316326 8.59336600309028 0.352317019360246 0.491598593429872
2458557.51477442 124.395859327522 0.796621146037598 7.677231493666 0.0108750451600503 41.1674998138426 5.80637175606073 0.405387426679431 -2.93286497064254 5.80637175606073 0.35272575385442 0.489904687577943
2458557.51864023 125.677218572995 0.708633970059858 7.67402809998606 0.00809030686814616 41.1778017475809 2.39155227430884 0.405634684051251 -0.082238937516075 2.39155227430884 0.354190902939894 0.491931834329689
2458558.52269514 124.531232533264 0.945641094172763 7.67873856735491 0.00839827749544142 41.1715518224259 5.29293352852197 0.404742351459757 9.42073695769462 5.29293352852197 0.355716379571661 0.487607404547538
2458566.49324187 118.012812963451 0.814955713171396 7.71914249510546 0.00840682359450895 41.1791162772903 9.80031870164912 0.405650014197812 -15.5697763814123 9.80031870164912 0.351620665475213 0.492957331531497
2458566.49711267 116.930031386159 0.694964848726659 7.71670489902545 0.0102351687834439 41.1892893529298 7.70423127340137 0.405576488445022 -10.4244268521023 7.70423127340137 0.35139017386188 0.492787067077339
2458570.48009108 117.027607442827 0.827510064476848 7.67602301978005 0.00933818002454956 41.1707199395979 5.81292788979441 0.405203850603495 -2.50359620807522 5.81292788979441 0.353938605140785 0.490755350499746
2458570.4839702 117.107856360704 0.788343018647355 7.67773227036353 0.00846702702866509 41.163419930345 7.20539050384503 0.405086941777121 -10.6493620359379 7.20539050384503 0.354495852182691 0.490758990062812
2458586.47022411 101.845675983627 0.738355913583274 7.67725176469133 0.00817236614839167 41.1695428318813 6.95839688791951 0.405485280974105 -5.48883682478057 6.95839688791951 0.353799652535952 0.49091394121733
2458586.47402255 101.012941489552 0.741211768564095 7.67970280529827 0.008704970383965 41.1619223421647 6.80097486507569 0.404679950381992 -7.21738437891944 6.80097486507569 0.354067253545082 0.48883665427841
2458588.47231858 98.3940978521903 0.66746099164072 7.67829910282535 0.00860961597661714 41.1615256948452 8.59028941724522 0.401777490348276 -8.62862441601851 8.59028941724522 0.361530830416069 0.49201685039001
2458588.47608172 99.1946429509152 0.724368867994349 7.67542984981486 0.00746654341991082 41.1641218677105 4.93108612515995 0.401959534365198 -6.55315984780148 4.93108612515995 0.361912948918381 0.493261779963023
2458590.47228929 99.1338563308603 0.925440151441211 7.67826934689652 0.00953323016168106 41.1744773124094 3.91685810669774 0.40402905154027 3.59607170481646 3.91685810669774 0.362005149128527 0.477988100334493
2458590.47608831 99.2468705821763 0.826813894036164 7.67916393860538 0.00925414568229677 41.1734759262501 4.60818993089652 0.404372589842778 0.401355547265387 4.60818993089652 0.362612885743259 0.479566905519171
2458591.46878982 97.351997191381 0.657117014089857 7.67853422827258 0.00763480781338899 41.1654685705784 6.44111828028367 0.404821883091216 12.3779695822168 6.44111828028367 0.363202201374627 0.478045474256571
2458591.47261559 97.9637635288999 0.718791910080172 7.67524947195927 0.00770717216000527 41.185522276326 2.31356875691055 0.405920426677742 -1.96656705630102 2.31356875691055 0.362904361947957 0.476432055451996
2458591.47648082 98.2961600299137 0.746585366584495 7.67617081731697 0.00989399516402933 41.1762770782889 3.23667962608418 0.405717739626317 3.58549149791254 3.23667962608418 0.363702440665 0.477557879558115
2458601.45263943 88.5111596734411 1.08168165434695 7.6810310527375 0.0053996037925117 41.1526749153966 9.88079435169592 0.404811575308089 11.9066656302536 9.88079435169592 0.352126349343496 0.493673109811143
2458601.45643393 87.1931575671826 1.0561578505446 7.68017402823985 0.00871673065944023 41.156404995881 8.9897371297625 0.40493214782562 10.3898383828966 8.9897371297625 0.350950025526232 0.493308507651932
2458608.4652077 83.2961894538677 0.856830535546917 7.68159465687843 0.0095239007004011 41.1503320021147 9.77963332341187 0.4051448264541 8.88579249310309 9.77963332341187 0.353637505155188 0.487431966096991
2458608.48131465 82.3385060924144 0.688735409410464 7.68078826160866 0.0070644099798578 41.1497583059027 9.74704897021676 0.404950926406456 -3.30326518361995 9.74704897021676 0.353356423054199 0.487859116684562
2458609.46945849 82.2077306898745 0.671471777637834 7.67767587344947 0.00766276776447938 41.1609530562908 5.24372608787817 0.404839379041175 4.52719608630169 5.24372608787817 0.352626732855604 0.491609233526537
2458609.47380232 81.9654104517545 0.722222945205013 7.68027734312461 0.00761605223803663 41.1544028292838 7.38201689135857 0.40559171027529 6.53537707069825 7.38201689135857 0.352764152231688 0.490654557933389
2458611.45404239 81.9963671573742 0.725105978793653 7.67808732252558 0.00878733474772631 41.1673166837611 6.37126592398976 0.405584943108328 5.26166074817205 6.37126592398976 0.350104736351598 0.495859976212582
2458611.45802703 83.7798223710624 0.740425924618746 7.67801235166783 0.00863099299673564 41.1665075656619 4.32689060205487 0.405417323816907 4.68642281411863 4.32689060205487 0.349525423713385 0.495800588811137
2458617.44832529 77.8171412987588 0.698887865416583 7.68141928834114 0.0095025601458758 41.1585530273297 10.6025685449961 0.404695389787127 8.88192106394381 10.6025685449961 0.353772640384983 0.48847261603829
2458617.45215414 78.3412878868881 0.764658332668192 7.68148796971839 0.00958190759943811 41.1611185183823 9.17738076730523 0.405159060217702 0.721832835765955 9.17738076730523 0.353669202106759 0.487497929718899
2458618.44033556 74.3206954885614 0.987727863799965 7.68779912606771 0.00268604586104537 41.080581812161 23.996302296479 0.404999310510862 23.6143977145694 23.996302296479 0.360193103893548 0.492426801481213
2458618.44426454 78.3443811541846 0.983684416413883 7.68046550410985 0.00721758789532778 41.140735979237 12.9124676033325 0.40512436151683 11.3625561600717 12.9124676033325 0.355583535610601 0.490059464849427
2458618.44809559 79.3348951985896 0.967614339212562 7.6800010436936 0.00947405918735633 41.1498528609517 10.5553032307626 0.404810978946537 2.90239492358709 10.5553032307626 0.354210777480531 0.488143957805067
2458619.48221898 78.1238832584475 0.84830974161261 7.67640492324904 0.00758848219746788 41.1552626219752 5.05977652023248 0.405262292972564 -1.60241747898202 5.05977652023248 0.354555505249858 0.488638123436876
2458620.46809868 75.2660395072797 1.14158997460622 7.67390596328739 0.00847396675749224 41.1834514555416 1.14774857613441 0.405083154283545 -10.7732635056211 1.14774857613441 0.353184309279105 0.492038196251565
2458620.4749745 75.9463498542888 1.1985494303861 7.68524319512341 0.00622664295280018 41.1654332083816 4.52131551478033 0.405830785231277 -1.72486718139396 4.52131551478033 0.355329082253018 0.490226130929829
2458622.45679849 74.089121263169 0.724731572407916 7.68089966499786 0.00785192629343889 41.1529514149724 8.14780125486953 0.40560839541491 -10.9305271543115 8.14780125486953 0.361875155856178 0.477976054369996
2458622.46063165 74.2915841930436 0.698463720324502 7.68023967673966 0.00918750793312029 41.1552761151236 7.88166463546751 0.405421788857316 -3.96346729993114 7.88166463546751 0.362124806534317 0.478492159341509
2458623.4660464 70.6807396841673 1.40524316482546 7.6807432909181 0.00971175789053191 41.1793150414942 1.26094769306914 0.40585974111827 -1.00202669479453 1.26094769306914 0.3634738356279 0.480015056224147
2458623.46970835 71.0865110970793 1.72389760800722 7.67840163628181 0.00703119906594019 41.1757052636176 -3.8094296572064 0.407976314040044 -7.99281472906766 -3.8094296572064 0.362297044188738 0.47881928972049
2458624.4619666 73.0204074001161 1.28253972326536 7.68160545623369 0.00711322362466937 41.172530109106 3.07073781168016 0.405360582329292 22.8451424254924 3.07073781168016 0.365476963124817 0.487479129048161
2458624.46576466 75.0257780489184 1.21945899078724 7.67743665796543 0.00305206622449639 41.185328018966 0.855569381957342 0.405900193389123 25.7574702753578 0.855569381957342 0.366126768393674 0.486326481049466
2458625.46704831 76.8118199458933 0.965037183413797 7.67957082483412 0.00746998501699636 41.1705525837752 4.33968884826196 0.405253640022949 10.6469144648475 4.33968884826196 0.355695779983235 0.486207958965283
2458625.47081211 74.8322847926891 0.96330187869977 7.67669721700575 0.0103010488847346 41.1645343432511 4.20920578469522 0.404293863361762 0.849670776810772 4.20920578469522 0.357112026274209 0.485618692032978
2458626.45677889 71.386003786571 0.813856687928554 7.68183924589046 0.00758103318969106 41.157252331666 8.21933468582831 0.405052270409836 11.1784543528483 8.21933468582831 0.356312768159576 0.48587644480777
2458626.46063841 72.045178684533 0.900940105053391 7.68005050083097 0.00722297884613354 41.1695773787206 3.39802493111451 0.404831499133199 18.9958903581711 3.39802493111451 0.355466885642505 0.485903628747969
2458626.46577035 72.6769025428826 0.812504339773451 7.68017072630231 0.00450891921051166 41.1583204940899 6.87434439005653 0.405568607986284 -4.11503558494544 6.87434439005653 0.356023464235982 0.486403830718877
2458626.46970116 69.9598487832696 0.938674797459306 7.6784248921871 0.00844352002294357 41.1717655428519 5.64138383530344 0.404150515962992 6.63232691138469 5.64138383530344 0.355650749536798 0.487565971924932
2458627.4453188 70.6108089099311 0.913261910122868 7.68074206242649 0.00817476642264481 41.1551663831171 10.7220664537793 0.404890237744957 -4.74911178269704 10.7220664537793 0.354913711990154 0.488699823603269
2458636.44608045 65.9839651664474 0.668117706029429 7.67789115095533 0.00866419900752646 41.1587474961026 9.32198658097538 0.404916476875623 -5.8079240835129 9.32198658097538 0.354406836726308 0.477330745912776
2458637.44768996 69.5475154789719 1.04253236772079 7.67849709965668 0.0092556028495796 41.1674930885297 8.84024004969855 0.404759770918852 10.9717409425088 8.84024004969855 0.359422831912323 0.478530007211941
2458637.451965 69.4965429728461 0.932138623025148 7.68109082478869 0.00840318087421466 41.1534554160373 10.3089166563279 0.405000046557526 4.12064431742021 10.3089166563279 0.360442852234075 0.479096958582227
2458709.92911934 29.9056293837306 0.92224386516541 7.68344413236217 0.00947666005966141 41.1569908202905 7.83885189263213 0.404142156325463 3.54819225712412 7.83885189263213 0.352714830854449 0.47460807737408
2458709.93298869 29.4836254370015 0.884888724392841 7.68282767568658 0.00838352742633752 41.1575186356475 7.39645864811483 0.405127448847879 13.9507508250582 7.39645864811483 0.353569547444796 0.474527798384027
2458713.93856065 29.3843289885801 0.661796155197542 7.6775546262479 0.0101435810025023 41.1667497151645 7.99237687687094 0.404673684036547 3.27721166518819 7.99237687687094 0.361528923003401 0.482225645217262
2458713.94250106 29.0212465997245 0.738060140840416 7.67866257629145 0.00896608232004859 41.1536407409206 9.9599874623196 0.404305266308247 0.829890030775317 9.9599874623196 0.360676855029674 0.481885213691601
2458734.89713681 18.3178535374537 0.800403024286974 7.68092733842727 0.00765874358584462 41.169486441216 4.67286381362899 0.40363771805811 -3.72133769282453 4.67286381362899 0.352714623153453 0.473849792640888
2458734.90096413 19.2455911684867 0.827148426204659 7.67712882565644 0.00864789700329638 41.1679859496919 4.66086193364407 0.404115583153066 -3.51527596119743 4.66086193364407 0.354041441018621 0.471793137678789
2458737.91056219 18.6299001391064 0.814468824552846 7.68003085660968 0.0077352089281959 41.1737412742199 4.84771086818526 0.404628236607715 -3.43874767066707 4.84771086818526 0.354384784786735 0.484239598140392
2458737.91435803 18.9156164270142 0.825396390169828 7.68087806207492 0.00706815881427403 41.1617167639066 6.40910681476348 0.40406209888834 -8.39175037682462 6.40910681476348 0.354429134868038 0.483933223259331
2458745.90419376 17.3660983739094 1.20172468558131 7.67663785226394 0.00709675031972878 41.1823469864069 4.05753882849442 0.405917314455709 6.03474322673926 4.05753882849442 0.362644101660182 0.484153076329513
2458745.90795337 17.4155790394707 1.0403924059398 7.67893214232109 0.00548739625901895 41.1462892435359 9.10607816067837 0.405035773297828 2.36963843561927 9.10607816067837 0.361747772375218 0.485012223751947
2458767.8286779 7.67118224508398 1.0304337761429 7.67951573209 0.00874858833049252 41.1742114347644 5.37341734970242 0.405490730822328 2.0731118475431 5.37341734970242 0.362666639866368 0.484673863336542
2458767.83247709 7.46638356081492 0.995579935440279 7.67714372144287 0.00913106742026315 41.1780839293304 3.0730859947448 0.405703038983063 -11.6247070279667 3.0730859947448 0.362101372265275 0.485560135597283
2458767.83624909 6.66855324742847 0.977201024648032 7.67932386578832 0.0066833408443614 41.1742820783284 4.23258227681003 0.405382565826475 -1.59577237052548 4.23258227681003 0.362842809168796 0.484920119523686
2458780.87971689 3.93473697775208 1.0119071273909 7.6765109313533 0.00888013764158124 41.1972246691028 3.90181852776013 0.405440871609707 11.1506580010686 3.90181852776013 0.360720925253848 0.485220544428851
2458782.87985866 4.77104581534926 1.01413451716287 7.67787476319433 0.00677118670760812 41.1710035675262 6.9206856750851 0.404870756463923 -3.6502873136646 6.9206856750851 0.359983272348175 0.483851037791035
2458782.88362197 5.86984531359926 0.944604035293597 7.67754485103301 0.00667416255850384 41.1478344427327 10.8962887619912 0.405323813078118 6.31943107571248 10.8962887619912 0.36061473951162 0.484718595503926
2458784.87838841 3.69527789114237 0.812989437561376 7.67721038242349 0.00781864233217355 41.1726969304724 6.60382319321334 0.404980438474359 -9.51337342350909 6.60382319321334 0.358342269496821 0.481312994423747
2458785.87522682 3.39088585673075 0.76276737243961 7.67853842172371 0.00701274211527902 41.166630569376 7.23489562265098 0.406042581167442 3.68992472411262 7.23489562265098 0.35056790135586 0.480296761346659
2458785.87898911 3.91540906229404 0.874703572388573 7.6797492836197 0.00750462186905487 41.1576890297164 12.0244611975441 0.405079441945483 1.42498561273308 12.0244611975441 0.34974975609967 0.480575925216555
2458792.80032372 1.53408086548651 1.05103867150068 7.67996721584623 0.00844826351733019 41.1639774398467 6.54062966516636 0.406345132707157 9.80758828936602 6.54062966516636 0.359206547634318 0.482130790787203
2458792.80411853 0.836247157433871 1.08560151458775 7.68040850653225 0.00999929072362171 41.1650229521859 6.71625856488312 0.405922693531968 11.4689822971641 6.71625856488312 0.358385723183649 0.481357586993345
2458793.75174306 0.984079764080351 0.596283820286117 7.68098187789031 0.00933760759859936 41.1668661186671 5.37337965386744 0.405468558299719 -6.9549591031867 5.37337965386744 0.359829929160251 0.483521888657864
2458793.75560547 1.04064082258338 0.640980246887796 7.68121225486656 0.00880812001225806 41.1579881654166 7.19786354511754 0.405930404873854 -5.26870358200802 7.19786354511754 0.359830440675855 0.482542452458687
2458794.80073764 2.42309439040347 0.897369674706566 7.68080352209344 0.00876284412930595 41.1640483238962 7.30164129239925 0.40582537874236 5.34207226321717 7.30164129239925 0.361202186913987 0.484804757353071
2458794.80460238 1.97854287210543 0.83643209804916 7.68159341593748 0.00792120862563905 41.1665233547121 5.87103519855651 0.405607876450702 2.67677881732448 5.87103519855651 0.361121178261935 0.483153605344767
2458795.77227947 0.709116939020525 0.751730417750631 7.68185026093607 0.00716421888152219 41.1635335950799 6.68335477390178 0.405872837629953 0.567261059348472 6.68335477390178 0.361695866160179 0.484672302786083
2458795.77607799 1.78365793582331 0.829854874586949 7.67906997595617 0.0110618368053021 41.166061475719 5.63292886218027 0.404746394716575 -6.19429143140704 5.63292886218027 0.361476317259127 0.484467722484618
2458796.73932435 0.421724928600464 0.75234239728189 7.68036337636258 0.00863002837883897 41.1669320162025 6.74299550490922 0.405663381601938 1.68995288836414 6.74299550490922 0.354254360930065 0.475545976298965
2458796.74308607 -0.942174389168325 0.80407831869506 7.67935030092656 0.00818995786636023 41.1636093451079 5.89516308815421 0.406369663404989 -5.03655817273986 5.89516308815421 0.353095610305697 0.474512770180327
2458799.78065181 -1.11738317543876 0.924641407528694 7.67735867500514 0.0100269679343228 41.1840455531884 0.432228406608802 0.405900482881703 -2.08064773213166 0.432228406608802 0.351492911330557 0.48318415876707
2458799.7840949 -0.411045342393842 1.02961550697247 7.67787819794713 0.00929363939486016 41.1597381075739 6.30137425509198 0.405232572130753 -3.53702324099195 6.30137425509198 0.351686272436023 0.482910126359004
2458802.80844993 -3.28112182132269 0.994192818309363 7.68157602134632 0.00854979632613784 41.1675706185665 5.65610031683134 0.40576183129521 -8.78649355642633 5.65610031683134 0.358811445695213 0.481756664732567
2458802.81224083 -3.35908424986862 0.910831279522487 7.68301208181549 0.00923065647554999 41.1679773914717 5.37948547258601 0.406041294159932 -5.34729696864387 5.37948547258601 0.358623107329045 0.481164633210572
2458804.73646248 -1.61668733799809 0.662802232763254 7.68247969191302 0.00866848537486042 41.1653315532422 5.33102453077118 0.405993494375326 -0.103699319538932 5.33102453077118 0.357718386312394 0.480642501396543
2458804.74025488 -2.08328885877247 0.665716712347713 7.68295997245562 0.00832605809338638 41.1610638278356 6.45805212596496 0.405709946020201 -2.87239938596781 6.45805212596496 0.358370554626726 0.479704455084534
2458806.717528 -0.0234564742820691 0.787515443731673 7.68193734401265 0.00731335428452873 41.1662535435323 6.20574845124985 0.405462498422559 -17.8021808505275 6.20574845124985 0.352140507729416 0.472637511124729
2458806.72132469 0.494180157308047 0.770429270048174 7.68104762319846 0.00837143794644746 41.1744493625629 3.94387500351804 0.405510286070864 -16.2509029756231 3.94387500351804 0.352834008524608 0.473851987683808
2458820.72919491 -5.96117132894507 0.860216769622448 7.67747791345918 0.00876586997665285 41.1714591392814 5.41142779169687 0.406406823327869 1.70977575110631 5.41142779169687 0.351327282349633 0.474416239113232
2458820.73306522 -7.04360085867821 0.780603097482869 7.68018900472386 0.0100275146553646 41.1686309399766 5.37856126635308 0.405910897535976 2.10636758302786 5.37856126635308 0.351410626393611 0.474580483599285
2458821.73198216 -6.31515316209944 0.903650592117299 7.6781784865009 0.0080600041347072 41.1856401590322 2.7777549723163 0.406137158696413 7.43188764403853 2.7777549723163 0.352633541526951 0.475018335120151
2458821.73585316 -7.60877931745539 0.887492250319191 7.6770026358596 0.00681714504149333 41.1882287602599 1.23232620678064 0.405692589045167 9.54124148240247 1.23232620678064 0.352389744309374 0.474383530560225
2458821.81526426 -6.34370350992595 0.886667871038128 7.67674554089439 0.00770422910908586 41.1915040232048 0.618867503123421 0.406738694909226 13.0266007626517 0.618867503123421 0.353027786942993 0.473378501490559
2458821.81905808 -7.54866452669809 0.991188940327679 7.67725557469632 0.00906742341124378 41.1881184163881 1.53765297524961 0.406220818329352 9.13151166779491 1.53765297524961 0.353444036476437 0.474358356501424
2458823.74620113 -7.24731640495992 0.654000505981926 7.68346551472145 0.0093117783474419 41.1801014978079 4.98984718513726 0.405955440603466 -3.21444074427945 4.98984718513726 0.350490885636424 0.482888220108887
2458823.74995815 -7.40068141830601 0.636641352805473 7.68559437392081 0.00820320554784715 41.1744938529232 5.9504675394477 0.406584068526138 -2.90111212285737 5.9504675394477 0.350707157515884 0.48365125334664
2458824.79582235 -7.64524732339803 0.717869367251405 7.67946792840698 0.00781443190048492 41.1671081916901 6.7873131037589 0.405731684869913 0.511694785930008 6.7873131037589 0.359505804112304 0.484762928918804
2458824.79969556 -7.40732991242979 0.753880349007156 7.67624566247477 0.00682475951447437 41.1700653892828 5.5383913106175 0.406384453999812 -6.37963267924955 5.5383913106175 0.359005282671132 0.483959882937205
2458830.67390434 -6.94000915617966 0.667684301850374 7.6811368762245 0.00828418935508957 41.1817740768963 4.18290480500562 0.406513304286339 -2.56724921551883 4.18290480500562 0.359396976021381 0.484245411598166
2458830.67782154 -6.77805361871017 0.688793813598492 7.67965553123019 0.00839518452315602 41.1792562284859 4.54021839362596 0.406326657040195 -0.343880761472782 4.54021839362596 0.359159486477278 0.4841731362943
2458831.71212695 -9.22825522577285 0.694799360862855 7.67826032827379 0.00743792552394673 41.1783390103723 5.43651399912855 0.406207886905871 5.83593003023282 5.43651399912855 0.360704427635651 0.485411033724899
2458831.71616511 -7.51210889626542 0.628199416372573 7.67750476682193 0.00922415519499431 41.1792990736496 4.3184113915442 0.406082263116521 4.37926444722482 4.3184113915442 0.360772458918698 0.485359159095843
2458832.71671843 -7.57985465521919 1.03011683556415 7.67749577886572 0.00724998864756365 41.1742988475059 4.22593656065914 0.410170061946657 13.3897213735316 4.22593656065914 0.359743733124432 0.476581732255909
2458833.68100715 -12.4458590174721 0.77841357900636 7.67618244418862 0.00772782474689038 41.1761369030956 4.25563641822998 0.407137958467498 -3.3497574402592 4.25563641822998 0.354347824375624 0.477370079755618
2458833.68477297 -13.2574274085947 0.785776106912533 7.67725798268626 0.0124028883389062 41.1839360756527 2.66916560214046 0.407694836960753 3.95673552597913 2.66916560214046 0.352776638066979 0.476996727273656
2458834.66115469 -13.1180855428092 0.716937487471197 7.68028162801737 0.00887034751425553 41.1726466340607 6.18751898550363 0.406424721214675 2.07845899994682 6.18751898550363 0.353490135879926 0.487087300960269
2458834.66502363 -12.5808694586823 0.610964123411169 7.67950699342695 0.00874707841627398 41.1761671675779 3.9964626289132 0.406406975756062 -0.314256194239877 3.9964626289132 0.353512878444511 0.48764490222126
2458835.75753853 -11.5943611453885 0.610882606368639 7.67808094695859 0.00788890695016242 41.1701140173325 4.67725723530732 0.406739493855077 -1.79449246342136 4.67725723530732 0.351737055775503 0.486729042071686
2458835.76137761 -10.9387722601156 0.58109963344164 7.67891441593876 0.00806499133727279 41.1797217958378 4.10086646791843 0.406652724711474 -2.74077202127146 4.10086646791843 0.35132809296705 0.486509162000142
2458841.79158894 -13.232181471716 0.788786368564789 7.67877665660655 0.00755529203181737 41.1687472998042 6.06703533248493 0.406744871522332 -1.60730701289791 6.06703533248493 0.353537039716326 0.485746976844654
2458844.63660127 -14.5822683691243 0.685783944346258 7.67838991150131 0.00669490709601916 41.1673925208972 5.92044319428341 0.405979325982074 3.14487153691425 5.92044319428341 0.363136461875971 0.478633057410014
2458844.64028957 -14.0181225336795 0.730337134829252 7.67714710577988 0.00828543048854335 41.1764402000686 5.23633448568604 0.405112468816629 -0.2003382540517 5.23633448568604 0.362581266705954 0.477963977750242
2458847.73200487 -17.9733393517113 0.96739636292651 7.67663196523418 0.0104597713281471 41.1679474485858 6.57639679927198 0.405765663523857 1.80456249573485 6.57639679927198 0.353660325343607 0.489883452006903
2458847.7340926 -18.4163469759093 0.878467518634233 7.67700206666579 0.00848318997107356 41.171770223704 4.74571977130947 0.406485064156377 14.3813536293638 4.74571977130947 0.353840599407365 0.488607687815233
2458847.73677863 -19.6885964219389 0.877140796482295 7.67676614998347 0.00851377235668949 41.1697650342593 5.70164331180801 0.406571089918565 16.7258702098905 5.70164331180801 0.354156704332398 0.488827905464303
2458847.73888419 -17.7794462863584 0.762721510019971 7.67570825471421 0.00875763431398902 41.1786193162683 3.64738048918214 0.406095281604159 12.0300611403743 3.64738048918214 0.353575864155225 0.489027774579701
2458856.77835301 -16.764906108228 0.922716416982266 7.67759652297356 0.00943591340342209 41.1764027834608 4.25573163354941 0.407183988704609 1.73490382210729 4.25573163354941 0.361018400529306 0.487708940825331
2458856.78208021 -17.9399402748859 0.957745847544122 7.67686680143848 0.00664242878831978 41.1911261711 -0.776073882781541 0.406280054754507 -4.53510065533772 -0.776073882781541 0.361880223754445 0.487834300012578
2458856.78601517 -15.6547170669171 0.976559942211318 7.67536082526086 0.00910968088076025 41.184066400573 1.80692618942349 0.406260550076084 0.842240704224953 1.80692618942349 0.360730105945943 0.488903989982532
2458857.65986034 -16.921540038473 0.86062070452286 7.67753536104874 0.00867543951885352 41.1805292691551 4.4008949203827 0.407106774165692 10.6694852764369 4.4008949203827 0.361436528880136 0.478220205374609
2458857.66376299 -18.0508048390136 0.777223046769037 7.67758995696809 0.00889000248281846 41.1744979324422 5.96287553621113 0.406588730070998 5.30667638116018 5.96287553621113 0.360922561984515 0.477989629140901
2458857.6676292 -16.9693202176885 0.826058547888887 7.67998065247764 0.00673430269357667 41.1676122115744 6.99093199960952 0.406612456544493 9.62285776645988 6.99093199960952 0.361009797773257 0.479077457914945
2458861.61259529 -18.803650108911 0.760899382505694 7.67786586207998 0.00778023229880276 41.1812399760961 4.88532395966873 0.406029752913935 -9.46122319948588 4.88532395966873 0.354725742233131 0.48811135817046
2458861.6164285 -19.1493137893162 0.659340185585155 7.67625367221107 0.0066433650489266 41.1708976797481 6.89062468873036 0.405929316939773 -3.08618636943644 6.89062468873036 0.354316430118086 0.487751966282314
2458865.59101967 -20.4625244821283 0.997433129068865 7.67719565798259 0.008210075048245 41.1675244981489 5.42487647083541 0.406578620122827 -4.69029139109518 5.42487647083541 0.349610768853422 0.497710157852982
2458865.59474908 -20.4462257049753 0.971388997055821 7.67754268574793 0.00907100614353951 41.1762189309928 3.51909217049389 0.40688230119971 -8.6377639288965 3.51909217049389 0.350107909991585 0.49676959143645
2458869.52504412 -17.5267457726437 0.780432096626793 7.67499495059385 0.00745965478992971 41.1630510451344 8.61404000851076 0.406631242070805 -0.336358739667881 8.61404000851076 0.361692213053876 0.480598543643941
2458869.52890526 -16.8254758596267 0.784232550447926 7.6758622084665 0.0084175006421372 41.170449637103 7.7404808585923 0.406146867687414 -8.55457852175801 7.7404808585923 0.361698432272086 0.48021548684833
2458884.52611164 -25.7393267447405 0.976489049009377 7.67468437988003 0.00711018084563086 41.1795924807855 3.00925496652531 0.402942507973407 0.812299704069534 3.00925496652531 0.360818005658272 0.481436558808208
2458884.52983668 -24.9677701362364 0.855381245273278 7.67447773823197 0.00828779937833168 41.1678520471184 1.99294651786773 0.40251505611382 -2.03772161030278 1.99294651786773 0.360510383653178 0.481370728327289
2458887.54429541 -25.5713329231542 0.850897945360362 7.67931605049571 0.00953905171978597 41.1634335722563 6.15645331228679 0.406719278647679 -5.66465747126389 6.15645331228679 0.354314714521959 0.489193446233188
2458888.51939643 -25.3653302388843 0.847249353124444 7.67866426448899 0.00849757067719281 41.1619260961172 9.11073700040546 0.406572905222846 6.79737424433536 9.11073700040546 0.354354285362048 0.489692940509001
2458888.52298085 -26.262454335729 0.892964832473211 7.67818915410208 0.00606833966866382 41.1643672220229 5.97824746975385 0.406869629090629 10.3286237511496 5.97824746975385 0.354437289525829 0.488910752090206
2458890.51981255 -26.1144585843962 0.768772049905151 7.68002806137673 0.00758909910253891 41.1536174207513 11.0690215058579 0.4065180206034 8.14884652867215 11.0690215058579 0.351891952247487 0.491542217289633
2458890.52357174 -25.8892537890102 0.796976631887887 7.68013144264119 0.0083982834513705 41.1523768760134 8.5454001396341 0.406415806637971 9.01294603746647 8.5454001396341 0.352186667462716 0.492547398002295
2458892.58557606 -28.2770392376102 0.752725861390454 7.68191278128279 0.00901311332048316 41.1433524556984 7.70925664992499 0.406608192184947 10.4106688748923 7.70925664992499 0.351757161214478 0.493221814987284
2458892.58941107 -28.0602270358072 0.698644182370979 7.67720622167656 0.0091041117016335 41.1589102934174 5.20261588985559 0.406478501914552 6.38624297429099 5.20261588985559 0.351860506634847 0.493315908345339
2458892.59323727 -27.5349713131671 0.744613285637343 7.67844497850553 0.0100517152683572 41.1563613398782 5.02709516802873 0.406363480381213 8.98207093839526 5.02709516802873 0.351586493072468 0.493598933572468
2458898.55104741 -29.4562075537591 0.704747579624276 7.67905975652109 0.00988062121520983 41.151129809023 7.4486533165036 0.40684300641969 -4.66256536621343 7.4486533165036 0.353170352516177 0.492830236090488
2458898.55474202 -29.794570766026 0.612638594196868 7.67963319567511 0.00985636529418166 41.1439395484108 8.60900954449732 0.406343607902962 -10.3434308377363 8.60900954449732 0.353090132257277 0.492038263045613
2458901.51715324 -29.0759932817554 0.986849997131262 7.67175042032217 0.00798134162691788 41.1447721909424 3.59209304664089 0.407114605337202 -1.89717726191466 3.59209304664089 0.351270494349515 0.493888015833435
2458901.52098269 -27.4667378959522 0.816613112825583 7.67582183212988 0.0104655988297555 41.1453728719421 4.48971617987838 0.407535382817468 5.22600228206233 4.48971617987838 0.351648937069266 0.494467954696916
2458903.52030872 -27.1983528036542 1.11760591587478 7.66891705364773 0.00877315643940335 41.1532838012937 3.00010623546681 0.406426334455922 -6.75074255981751 3.00010623546681 0.35047212692702 0.494888782042479
2458903.52466542 -26.9156833035363 1.12777523190337 7.67520613778096 0.00956774529194249 41.1374013153706 6.44151844590075 0.407033421905899 -0.724665945615976 6.44151844590075 0.351975602172745 0.494373708002698
2458910.50228467 -31.5192908869037 0.812685886320892 7.67716113222611 0.00845105051079464 41.1478900904729 9.94249358112718 0.406775258936328 -9.83321387822461 9.94249358112718 0.352412530636209 0.491487481221502
2458910.50607514 -31.9203907717461 0.809932896569777 7.67638532008924 0.0086087027877948 41.1677690921161 6.81283604677585 0.406345258094067 -4.67436791539265 6.81283604677585 0.354086721666847 0.491552942471839
2458915.49614244 -31.5499157865381 0.772730751022242 7.6748748313921 0.0095975120788836 41.1492058810931 7.7637478833222 0.406443323079013 -9.96807563263577 7.7637478833222 0.351558803915958 0.493610348675549
2458915.50001669 -32.9883935581201 0.82601749043494 7.67547673462313 0.00942595208950792 41.1497263636946 8.35211400221379 0.406183321575491 -14.7898126712508 8.35211400221379 0.351954286714575 0.49504872907939
2458917.55230476 -33.0414000007896 0.861784085035134 7.67416340910878 0.0091152806237389 41.1436387235279 6.04366518837392 0.40688010339758 5.45917039794214 6.04366518837392 0.349319328262487 0.497572915416172
2458918.52585391 -28.1294717048588 1.07887133952236 7.67527923819814 0.0112110509018244 41.1457379254443 5.08580401559582 0.406294302308458 4.61290197250961 5.08580401559582 0.350351248976363 0.496901115030429
2458919.52966771 -29.0552315219761 0.741863916286965 7.67480574919602 0.00919035818598424 41.1418173562782 4.93671917010005 0.406469582243026 -3.06738849986186 4.93671917010005 0.348693090169088 0.498829738419743
2458919.53332413 -28.8759508266041 0.684642839370453 7.67429020033615 0.00790441137846898 41.1560814938404 4.12650089827229 0.406880764563909 -2.71192563338331 4.12650089827229 0.348053575318509 0.49858490332857
2458919.53715511 -29.7571635333959 0.701695249488137 7.67687078708494 0.00820994241315098 41.1500918889191 5.53597718954077 0.406805648569731 -4.15600016529718 5.53597718954077 0.348220942631494 0.497806145054526
2458920.52933545 -31.6417388219448 0.675327052900274 7.67365045963353 0.00666673754005842 41.1542246603177 4.66742090068755 0.406263433710181 -2.62380862930335 4.66742090068755 0.350256526202337 0.49615461439731
2458920.53324084 -31.7343023455033 0.661903750842297 7.67389192140637 0.0105489831545462 41.1599689610593 2.97253911999947 0.40652086119661 5.46440169591512 2.97253911999947 0.349300549629389 0.49629889143287
2458920.53707321 -32.0677616674104 0.790733662332385 7.67528338851074 0.00856759402279827 41.1429366636344 5.20304976703009 0.406325416383763 1.32315424433835 5.20304976703009 0.349915215654939 0.495566420007123
2458924.48866788 -29.783967069164 0.947471876253713 7.67444755163122 0.00968531964872277 41.1458179234863 8.67613608579253 0.406249495331695 2.04558932243443 8.67613608579253 0.360277383654312 0.482798332950471
2458924.49249989 -29.3072852569707 1.04306295337678 7.67207908008294 0.00853480279832119 41.1485746016432 6.63529068715295 0.406171667145588 -2.06946445420162 6.63529068715295 0.36039226069724 0.482086723464683
2458925.50753924 -28.5921513776339 0.791156381195297 7.67255773723961 0.00866852769997628 41.1523963364501 4.57212521180759 0.406552126181391 -9.82440266343543 4.57212521180759 0.361591990149529 0.480896092827469
2458925.51133746 -28.7335087218588 0.706606375241517 7.67372982642801 0.00794940924822463 41.1580266525189 4.33280517279422 0.406537269873899 -9.09488582591939 4.33280517279422 0.361201960586076 0.480588783456302
2458926.4899834 -31.0633561050511 0.981655987847887 7.6748089990452 0.00967968771407257 41.1349235280826 8.9899587721098 0.406613060307693 6.90993551574214 8.9899587721098 0.36139668002363 0.481179149744074
2458926.49388406 -30.8065552420954 0.918570463182321 7.67688438491037 0.00868578274368481 41.1362254441174 9.20876855513857 0.406512952302631 10.7249642020926 9.20876855513857 0.361227910032689 0.480969956636032
2458927.52900848 -33.565530941368 0.836969753067109 7.67382441380501 0.00966352619554733 41.1477659064113 5.97259095159825 0.405749243672961 -4.97574766198227 5.97259095159825 0.362292287765304 0.480278079693514
2458927.5328788 -34.1500477063913 0.911173132958835 7.67359861218025 0.0102334842306906 41.1465719479891 5.91602641204153 0.40616511761833 -4.64333795219608 5.91602641204153 0.362680166186433 0.480700500684103
2458928.48531947 -33.2646663883712 0.777365741847014 7.67211958608133 0.00951621693194937 41.1381871599472 8.34388301449051 0.406451098805535 -4.67683715382198 8.34388301449051 0.360349060388228 0.481484102610865
2458928.4891523 -33.3046268153467 0.794904609056348 7.67421533772057 0.0105039903302604 41.1364120307596 8.43452413755637 0.406584563797068 0.898253947721126 8.43452413755637 0.360519576087111 0.482045010598027
2458929.48602925 -35.7801839856077 0.74498057966696 7.67323215535299 0.00817652346052888 41.1460472862153 7.90997426872437 0.40613969310395 -7.9616222028669 7.90997426872437 0.363456169646904 0.480343571767665
2458929.48975455 -36.7665137037601 0.670554013363969 7.66979013925775 0.00891958492426603 41.149495420502 6.31747673258515 0.40607492374273 -3.11278237583174 6.31747673258515 0.362928098924508 0.479028611596529
2458930.52856643 -32.9453183946688 0.839984122777911 7.67086945592787 0.00875812698150824 41.1476956506751 0.294985774534506 0.407472646174553 -17.2152586604659 0.294985774534506 0.358771902872501 0.487501400825172
2458930.53218698 -34.6062347256418 0.98747502377212 7.66906110002075 0.00826531768237437 41.1519498398394 0.450250581693241 0.407519243791467 -8.54544686708716 0.450250581693241 0.357961114190178 0.487488476326231
2458931.4866459 -32.8774687456797 0.737524413351792 7.67240542268093 0.00787986374123406 41.1322761891642 9.58331231578714 0.406690732111495 1.39755867737263 9.58331231578714 0.359967940064085 0.483287541613489
2458931.49054493 -32.9896449910027 0.778201447604838 7.67252399839097 0.00788468867748904 41.1457776912214 5.46799724308159 0.406803751780586 0.114344731968875 5.46799724308159 0.359516095850039 0.484237750173554
2459170.77367346 -66.2263620943462 1.19930876091366 7.67874716070423 0.0111425536195622 41.1379605224445 9.42682552965786 0.405702104013112 20.8738487517748 9.42682552965786 0.353407429581403 0.485406775431134
2459170.77732826 -66.800956562816 1.099567574435 7.67873743962385 0.010107540957593 41.1397520125739 7.99622013373635 0.404599498689222 14.250131398321 7.99622013373635 0.353430295420612 0.484026905144477
2459171.78692869 -71.9172088609564 0.858946814359813 7.67915710890742 0.0071287545816574 41.1307040764487 11.6853255308606 0.405896189766233 -5.30170377788836 11.6853255308606 0.350168283939915 0.471803433883061
2459171.79072747 -71.3627321110975 0.810397572168537 7.67958325792224 0.00644745278401437 41.1320237380012 9.66377211582455 0.405846418776513 -2.71621376305518 9.66377211582455 0.350227691535981 0.472721187419138
2459171.86771111 -71.3449338514847 0.777611753713557 7.67949066405387 0.00935707923646767 41.1328755371688 12.7448009111693 0.406103446545138 -3.03910911538154 12.7448009111693 0.351362307546872 0.471949969974258
2459171.8716409 -71.4074289997251 0.947008940104819 7.6779167169939 0.00816971449322956 41.122264742761 13.9186347602084 0.405874057813359 -11.3034211275347 13.9186347602084 0.352130475742106 0.473186143345091
2459172.78037864 -71.4744679440869 0.912803078762664 7.68275058061184 0.0072632373785364 41.1328287938792 13.2618588046899 0.405384218154797 8.33824343933034 13.2618588046899 0.352886987968928 0.474012387875016
2459173.68134265 -70.5840129580033 0.959274989248609 7.67941459226038 0.0102588733674711 41.1352729844799 9.02776462339687 0.404797493458905 -6.96863751485491 9.02776462339687 0.35538113757481 0.48403828678803
2459173.68510995 -70.4799017903716 0.849918796795231 7.67619727985251 0.00952098637113075 41.1382937865167 9.02472630594908 0.404975452349405 -4.82373786997082 9.02472630594908 0.354082247820044 0.485678275217464
2459173.80520775 -71.4623321159654 1.01497398118313 7.67800000251435 0.00966070057608448 41.1357922849383 8.39535292253984 0.405410684387292 -8.5101423541444 8.39535292253984 0.353979473249348 0.485131976115641
2459173.80918673 -69.730732887794 0.879015532478728 7.67757864815078 0.00937411796423859 41.1322387934412 10.1655362467225 0.405573281460862 -6.77479922875743 10.1655362467225 0.3543906801755 0.485482261784284
2459174.72685212 -68.3328268814879 1.0500644279922 7.67641897381955 0.00991405062477213 41.1364228600843 9.22340740514395 0.408426684210227 7.96424835435039 9.22340740514395 0.36193778204123 0.484788860831265
2459174.73067948 -68.0035235441197 1.05664262762878 7.68026591646414 0.0101641493535087 41.1346304245406 10.1709304205669 0.408538637241604 10.7505709277129 10.1709304205669 0.361089178727472 0.484588892244482
2459174.78370032 -67.3791299549763 1.05934420162265 7.67751546771773 0.00998241284832879 41.1341699680902 8.98982174052255 0.404948439839824 3.02239345884339 8.98982174052255 0.35426330486559 0.485176354915686
2459174.78753082 -66.8668784462025 1.18041826337977 7.67610442444681 0.0110856080040644 41.1424091273719 7.83760654003393 0.404948366963102 8.40767046794918 7.83760654003393 0.353665354204419 0.484150006602069
2459175.76088477 -68.8936012466554 0.819159147756992 7.67716342208707 0.0088415715150969 41.1506480925371 8.71044734040103 0.404863852942259 -1.28011466712188 8.71044734040103 0.361984647697877 0.485581652794186
2459175.76471642 -67.9993613916522 0.835955317851118 7.67858926599099 0.00741819930432541 41.1464246234355 9.45682218267415 0.404600123517153 -3.2749551136602 9.45682218267415 0.361798364106646 0.485429961352149
2459175.82131497 -68.0337461247163 0.818654388816296 7.67958559354579 0.010470182935105 41.1373999569822 12.1770118415461 0.405349775470462 -4.74128009499927 12.1770118415461 0.360770547240085 0.485773430457088
2459175.82517902 -68.5040726307629 0.879767341678619 7.68014600999398 0.012384871397364 41.1390984784048 12.6045648445035 0.404227510191941 -12.555694364125 12.6045648445035 0.36130543527524 0.48430127209124
2459176.64829375 -66.3605568957399 0.852404461769718 7.68108448182885 0.0094573561009117 41.1244385244245 13.1642908664903 0.404640688550019 3.87248787408522 13.1642908664903 0.36075427712396 0.48415888217929
2459176.65215886 -66.7475500348897 0.784352034893633 7.6816332111894 0.00926531687955823 41.1300047616393 12.3813868327839 0.404595721681244 2.39538728818898 12.3813868327839 0.361407290562073 0.482962178683287
2459176.68035177 -66.8994403704103 0.751464432764524 7.68049052610408 0.00997635101574978 41.1357482524824 11.6990678706609 0.405207873721574 4.44660406510858 11.6990678706609 0.36154375043748 0.483864543232201
2459176.68418354 -65.3517735030962 0.765516002672506 7.68117961070394 0.0103460366366441 41.1294548155906 12.9670130187829 0.405097669696447 -2.68653378708497 12.9670130187829 0.361039909941242 0.482490546220688
2459176.69853522 -66.6005300069551 0.751421741613735 7.68009752211705 0.00954357673912476 41.1310332369495 12.0231870368624 0.404322811432579 -2.16484687419758 12.0231870368624 0.360915238736547 0.482653341660847
2459177.66641771 -67.0570597414983 1.28782543610466 7.67985165974775 0.00660809294592468 41.1397742368358 12.6545361370062 0.405205122474416 11.5658167251878 12.6545361370062 0.361968409318726 0.484808013924612
2459177.67020816 -67.2128217477858 1.13292066694891 7.68437627699308 0.0105923455283818 41.1302272549102 13.9465769606461 0.404805388721565 10.0345375178102 13.9465769606461 0.362120548760663 0.485064597436772
2459177.70386926 -68.0522081998601 1.23426367716791 7.68324531422134 0.00871262215806112 41.1287285894378 14.120917975039 0.405250745424866 9.69441107555006 14.120917975039 0.36201895628233 0.485123320207035
2459177.70734884 -67.5858550108911 1.28220796608917 7.68207071631932 0.00814067630399862 41.1340079783407 13.2951298135228 0.404784973672494 9.20726474640886 13.2951298135228 0.36268106621845 0.484552717271794
2459178.69291408 -70.5553359934045 1.12553543970553 7.6793695859311 0.00867072282475512 41.133820850095 13.5871092557552 0.405113543607726 0.292631314235277 13.5871092557552 0.353958925586487 0.475326992761196
2459178.6967043 -70.9813796553974 1.13991114081969 7.68118962580868 0.00962749894984327 41.1295126602896 13.7932867707788 0.405105644777741 -4.21121308158803 13.7932867707788 0.355044279164865 0.47542922327373
2459178.72901075 -70.9186015704899 1.22164416631473 7.67822911299986 0.0101801019216534 41.1319046177105 12.7457894322867 0.404873050218916 -0.11175542545794 12.7457894322867 0.354140703597596 0.475638937628418
2459178.73297725 -70.2371375445227 1.18935339453164 7.679003269822 0.0101362307505646 41.1345209249119 13.3943912598788 0.403862828967779 -3.17838844270379 13.3943912598788 0.354085383897839 0.475621229358618
2459179.6946168 -69.1654230709848 0.762115035146964 7.6805161498628 0.0104882210982726 41.1450357759975 11.3106530549217 0.40384905557661 -0.913815473629721 11.3106530549217 0.354883781246603 0.475929544838848
2459179.69834788 -70.3802206299867 0.782752744503519 7.67969872953137 0.00802300937236566 41.1487336237395 9.32176076401688 0.405207619929193 0.0713165820643235 9.32176076401688 0.354761179895786 0.47551807403368
2459179.72141467 -70.5697365081857 0.826499365919526 7.67832413877206 0.00758315537730425 41.1487969337199 9.20135232610132 0.403998210827405 -1.78843123356045 9.20135232610132 0.35445721548553 0.475474142058175
2459179.72517595 -70.8337832694794 0.77747948760538 7.68172382215442 0.00814520601263524 41.1503427961038 9.84928860132501 0.405401818575256 -1.70318176064107 9.84928860132501 0.354619360749487 0.475762911792549
2459180.67582675 -69.847003619264 1.06894546199607 7.67870408824004 0.00971106168714897 41.1499234390153 9.38890447997135 0.405217089304949 -8.29012059805842 9.38890447997135 0.354436358607291 0.48466206113859
2459180.6796554 -71.0357521705652 1.02794850304742 7.67907746731769 0.0104237818909887 41.1487838781375 8.58594867525886 0.404536145194521 -3.85925257664656 8.58594867525886 0.353874567876059 0.48504761230372
2459180.7114623 -70.7430080563097 1.13686774702869 7.6820509678337 0.0106871490795388 41.1292159699157 13.064108879834 0.405096881827956 -1.56285479835653 13.064108879834 0.354583172174031 0.484102761532909
2459180.71518736 -69.9053203456926 1.09426938419635 7.68037202356455 0.00864907336144682 41.1404133134966 10.1362958615559 0.404832034789274 -10.2709367253915 10.1362958615559 0.354627198595839 0.484270764705826
2459181.68902345 -67.5151479711706 0.839829180604155 7.68097547052213 0.0089157053201987 41.1370640818887 12.904463267423 0.403879360837258 4.41582386968229 12.904463267423 0.354750283660853 0.483816742936396
2459181.69290847 -68.9474526356544 0.886441015233848 7.6812655252143 0.00829309748185558 41.1350093982927 13.6960930225342 0.404382947582275 6.62388885062848 13.6960930225342 0.353676315190208 0.485746572082512
2459182.67681208 -72.6412227189711 0.818080915117501 7.68340336552208 0.00864804558584353 41.1372032132782 12.7184020653098 0.408648094159991 3.97158447316162 12.7184020653098 0.359714016524895 0.483646451562579
2459182.68064548 -71.6124037151853 0.816971143320775 7.68286416348769 0.00968597505197266 41.1373417236758 15.0735184915128 0.409070763033366 17.1079983786976 15.0735184915128 0.360887075284132 0.483820439141573
2459182.71462508 -72.0473124634594 0.884942054661966 7.6779985714992 0.00882536951981905 41.1484750861731 11.5409521587252 0.408969398036513 9.8774496042461 11.5409521587252 0.360840805811861 0.484419269627516
2459182.71842284 -70.543520115043 0.84825177362625 7.67833047360967 0.010866584358622 41.1462356256869 11.3741936138806 0.408468778547526 5.14740828961363 11.3741936138806 0.361163647908785 0.485200560918324
2459183.73292708 -70.5447544105056 0.895131941975091 7.68083963106172 0.00873263675828007 41.1610831047306 11.3793004674795 0.405175996101755 4.28275192951208 11.3793004674795 0.361333686825252 0.485129736306408
2459183.73675701 -69.5505914325078 0.852387189236408 7.68390279102739 0.00857296517161465 41.1549123559671 13.3528659557632 0.404761424747171 3.89823955945136 13.3528659557632 0.360678242656239 0.484053436285918
2459184.73827852 -70.277058561681 1.06325284788829 7.68172909093982 0.00820002328231517 41.1522115886029 11.8412609676562 0.405018469742577 9.38808613455416 11.8412609676562 0.359154917277715 0.482768051793907
2459184.74210729 -70.5474681937812 0.993962719358547 7.68172686099283 0.00847211874952514 41.1575368344176 12.2909428263413 0.404648420788607 8.50564606566541 12.2909428263413 0.360283405752314 0.483914642162697
2459185.71191565 -69.3798160975733 0.924469787993187 7.67724874325399 0.00900754626827549 41.1593435124366 8.37654369962105 0.4055168616201 -2.22198676212538 8.37654369962105 0.353346162679718 0.475083778917592
2459185.71568447 -70.01217082775 1.02544028758538 7.68276228417538 0.00937929660730319 41.143070792527 11.8016446524181 0.405443718799641 8.7562605549701 11.8016446524181 0.353939322255675 0.47547340178845
