BJD RV_mlc e_RV_mlc FWHM_DRS BIS CONTRAST_DRS dLW Halpha MLCRX DLW NAD1 NAD2
2453001.83036047 -98.3176587034081 1.50565021200777 7.64062585793573 -0.00193948835480562 41.4439391832049 -62.145355507969 0.404385117330269 1.17599641273843 -62.145355507969 0.359465210199653 0.479849282943389
2453034.6072605 -94.006865305658 0.931697213157645 7.6367529152327 0.00395044327298777 41.4000173243592 -57.0026419602686 0.402789947526709 -4.85597107225311 -57.0026419602686 0.361330153408602 0.481300222427709
2453289.86972072 -114.744779919344 1.34103726810035 7.63777724794931 -0.00134917462653661 41.3595161600081 -54.436620367858 0.400939449614221 12.7307353643084 -54.436620367858 0.356059178795655 0.483533052848619
2453289.87078653 -117.528943187231 1.3866337833749 7.64059167361519 -0.00117402542119294 41.3674877466892 -50.1146396490994 0.400711726286896 13.2799285835354 -50.1146396490994 0.355761524636426 0.483946735970108
2453289.87183604 -115.451989509401 1.48091525215895 7.63940061862302 -0.000707820778137247 41.3770241800873 -54.1066252727962 0.399910341860324 -5.37915679249799 -54.1066252727962 0.354926109687622 0.483254119545305
2453289.87287373 -113.84247344309 1.21842517865753 7.6439031732203 -0.00260135044003462 41.3674068500792 -52.6078800420631 0.399776163316831 -3.46365860748607 -52.6078800420631 0.35423143652758 0.484920593926552
2453289.87394684 -114.000988777973 1.20314427235261 7.63419587977809 -0.00700002250888154 41.378238093412 -59.0075846013994 0.40060703616675 9.64462899611766 -59.0075846013994 0.354888538355874 0.484655525095589
2453289.87500282 -113.759563570678 1.38800444625376 7.64372263325033 -0.000716358745195933 41.3602315351218 -53.6435736171205 0.400074405593472 -8.37100974154539 -53.6435736171205 0.354081966553593 0.48163456453819
2453289.87603207 -113.517558105822 1.29424282894851 7.63764727085417 -0.000868101983522607 41.3751921003508 -57.9649555501539 0.400760989895389 -4.92335745882901 -57.9649555501539 0.35510753799906 0.481979548233737
2453289.87709418 -112.847597417457 1.31382434721025 7.64214403370554 0.00221791771472724 41.3653127047906 -53.1661918544688 0.401344294970529 1.79083718324192 -53.1661918544688 0.355200921405442 0.481068292566102
2453289.8781585 -115.815282593065 1.33708806274252 7.64463059903825 -7.70610338829414e-05 41.3744878561543 -54.2435451398618 0.40061680060461 -8.31580083737065 -54.2435451398618 0.357269446907747 0.480580177333573
2453289.87919121 -112.603892858831 1.30140609381483 7.63509381323367 -0.00180491556893614 41.3621217219257 -53.7218085324988 0.401182740125736 -7.03796173118583 -53.7218085324988 0.356255131426199 0.481764934617986
2453291.87209436 -120.382037286359 1.73018784767854 7.66092795402837 -0.00146353676066724 41.3008603690901 -46.4979925234762 0.401396727173565 0.218232104947629 -46.4979925234762 0.350110438119789 0.480733385577955
2453291.87314224 -120.07410555056 1.52459486020085 7.64743878395107 -0.00338598078828589 41.3128224596301 -44.2557085534577 0.401241096454498 -2.80285990219211 -44.2557085534577 0.349803351363371 0.479542819048143
2453291.8742019 -120.573591509255 1.89838756520064 7.65030452861216 -0.00372713141148395 41.3280970673004 -49.5270061525952 0.398207839833976 -10.7118727408386 -49.5270061525952 0.348799613552897 0.486056436587478
2453291.87522584 -116.494337377819 1.5592815433128 7.64875608020681 0.00158448908432263 41.3358606959081 -49.0518753944264 0.400089919654246 -9.64243763570681 -49.0518753944264 0.348535883360411 0.482734942602929
2453291.87628184 -119.552809127916 1.3890091408635 7.64776953101199 -0.000875212676843873 41.3104313155042 -45.2335450176392 0.40133943829412 -2.04277454248604 -45.2335450176392 0.348551062358601 0.482818467491254
2453291.87731907 -122.530056850723 1.3996601768599 7.64972191824845 -0.00157430616450149 41.3070333337407 -43.4732148282243 0.400458453137042 -16.5728015104681 -43.4732148282243 0.34801671361434 0.485684289864882
2453291.87840062 -120.8045536501 1.9039480972292 7.64602198261628 0.00294446112043367 41.3008651911408 -45.7123790016902 0.400600086066121 7.53808631583138 -45.7123790016902 0.349157343843764 0.482411566290773
2453291.87942914 -118.43299191622 1.50118113742034 7.65651903602172 -0.00135669990514486 41.3249525746314 -51.7332856363043 0.402242981277637 0.421947241535604 -51.7332856363043 0.350848770506812 0.482575591170569
2453292.86772441 -120.041926748997 1.61486589464146 7.63701913730529 0.00759822569001756 41.3317196577165 -52.1115097654013 0.399760928293616 3.88589097158569 -52.1115097654013 0.348192337703973 0.471951091254212
2453292.86877461 -122.394465324738 1.74456113913008 7.65256131940103 0.00423474035876126 41.3046425435123 -49.0529667487968 0.401686271572165 3.37995688756249 -49.0529667487968 0.348254090967567 0.473406469338067
2453292.86983265 -120.297291965826 1.65636203634171 7.65106431762823 -0.000119438547610429 41.3228389729099 -49.3321337109842 0.40128159625835 11.5997100956213 -49.3321337109842 0.348591034959674 0.473689765409299
2453292.870889 -122.440219866664 1.62814635438364 7.65016803393235 -0.00214802086193266 41.3299202174791 -50.323480230176 0.40106813776932 -28.3463002312455 -50.323480230176 0.346817321119512 0.475739962618528
2453292.87193342 -122.709903294113 1.83786035879919 7.65410643080217 -0.00549644392878079 41.3277303038095 -48.7691592573851 0.398854879740345 -12.5652940879109 -48.7691592573851 0.349538569593108 0.471647176828903
2453292.8729644 -122.286302749958 1.56006961401466 7.64352078519309 -0.00124420428772076 41.3473699199789 -48.8136217972399 0.401386423497767 13.6105690509378 -48.8136217972399 0.347237909485268 0.474582605875887
2453292.87402455 -119.531014212596 1.8979672187408 7.6524061023372 -0.00274273131502945 41.3442610022902 -50.9049802803585 0.401079790258843 -32.0181775438802 -50.9049802803585 0.351344996769575 0.470532483109811
2453292.87510379 -119.456517415741 1.82317511973681 7.64961431980586 -0.00647714377778108 41.3181328743868 -50.459103311624 0.399262349380286 0.111804351848914 -50.459103311624 0.349111082106584 0.472431987085756
2453294.86773606 -121.661707213284 1.61980546994595 7.65269047817165 0.000517424307973968 41.449752219109 -63.2291285809398 0.401024814603756 -16.6976290410699 -63.2291285809398 0.351833915988866 0.475792657760818
2453294.86878624 -128.039127411719 1.65117185494584 7.65630023044479 -0.00219601668464442 41.4538823154092 -65.6448882777641 0.401256996588564 -5.64939031768444 -65.6448882777641 0.352875502935792 0.473963388632843
2453294.86986331 -125.88729033371 2.17847579786562 7.64536474190042 0.000525953132415324 41.4834140390223 -72.3571574365903 0.399177103815309 18.6778555067606 -72.3571574365903 0.350740592269522 0.470888748228533
2453294.87089036 -124.57384474389 1.99987022979712 7.65707970316768 0.00108853518948493 41.4547178832707 -67.2711952261261 0.401174657488766 -6.71037504946456 -67.2711952261261 0.351240386927738 0.475738351774824
2453294.87194643 -125.287808009999 1.59516118544541 7.65521554486161 -0.00308682532118709 41.4511719612463 -61.0823047705038 0.401535665791433 -8.67164730135766 -61.0823047705038 0.351105751773988 0.479134724050535
2453294.8730036 -120.755532782736 1.76134174547015 7.64992524178761 0.00106402891073465 41.4648997192569 -62.5124182831527 0.399651823620107 -9.16282666874139 -62.5124182831527 0.349542303385449 0.478208377465994
2453294.87405762 -125.288055846757 1.81800695640224 7.6462504067841 -0.00727174936292485 41.5027848427754 -70.407974204109 0.400944250756966 -8.40598158576339 -70.407974204109 0.352883382329692 0.473725907605522
2453294.87511198 -123.943975865007 1.68806600594104 7.64788904981658 0.00277720638032619 41.4685747964414 -66.8695082892028 0.401793248134597 -4.48161234342686 -66.8695082892028 0.351668151254452 0.474679117533636
2453296.86414649 -121.079018491136 1.25739159193514 7.64644595613915 -0.00369824643619587 41.3845504204543 -54.189149237634 0.401368003131881 0.332434923650488 -54.189149237634 0.351840140374496 0.476614105530311
2453296.86514485 -122.174317295863 1.37018442673507 7.64775161234808 -0.00402298983212823 41.3881654350107 -55.2631031820032 0.402256945108178 5.56508685392374 -55.2631031820032 0.353066907044314 0.476736793683592
2453296.8662228 -123.709520800698 1.35872062245034 7.64567923174752 -0.00188295350152146 41.4111780762055 -58.12158008153 0.401454649167013 1.51663756483251 -58.12158008153 0.352999768581336 0.476877186661419
2453296.86726779 -124.713890731339 1.18227469877217 7.64360111631643 -0.000747307001486064 41.4115660494916 -60.2721684145531 0.400830123603803 -6.9138812602632 -60.2721684145531 0.353516862701386 0.476491588993896
2453296.8683004 -122.551988572144 1.33262968335575 7.64869302218131 -5.04052064087546e-05 41.3849032162456 -55.9126476228157 0.401042155494788 7.22070477969991 -55.9126476228157 0.352049899720839 0.474515038280285
2453296.86938982 -120.651584213608 1.22954930617199 7.64823064418673 -0.00254189019226736 41.3837678016146 -52.1302631186842 0.401588231127703 -6.8465225691208 -52.1302631186842 0.352883502772619 0.477313847350742
2453296.87043123 -121.130836164942 1.11778748192021 7.6495201750111 -0.000543200210016082 41.3750124595878 -49.8904445713075 0.402130388558494 3.84120480455579 -49.8904445713075 0.352763578129161 0.476101118876832
2453296.87150712 -124.550360956445 1.25695827464654 7.64897209208895 5.87065736681325e-05 41.3845653305936 -53.9726675316874 0.400675922299436 -15.5158493757716 -53.9726675316874 0.351749554705709 0.477123993080559
2453296.87255512 -123.526375917201 1.2689403798449 7.64412774911943 0.00315535616497442 41.3863873601401 -56.3959777654039 0.401080397214512 6.96270459990518 -56.3959777654039 0.354023826016572 0.475836290126807
2453296.87356514 -120.034991474951 0.973849518840496 7.64694165354188 -0.00333830526667178 41.4046748322071 -59.6354799643187 0.40145527134706 -5.99951010612638 -59.6354799643187 0.353164821055129 0.477882058467086
2454047.79623301 -71.2712527620674 0.975263724952159 7.64768735288908 -3.73168394496304e-05 41.2762126891265 -34.1896940971881 0.402240445962354 -2.34640980097354 -34.1896940971881 0.360959436715995 0.48443204061651
2454049.77674887 -73.8830067889194 0.933067071468228 7.64676087204589 -0.00175388492633211 41.2858495652233 -34.4293600811853 0.401531781508514 8.34190970720137 -34.4293600811853 0.351202657096058 0.47455142022867
2454051.78918883 -71.404311475365 0.983198228184142 7.64968568975504 -0.00261350593977205 41.2948683372369 -35.8464918254958 0.401617275014841 -4.20422878303152 -35.8464918254958 0.351329171544515 0.472614904973282
2454051.79383554 -71.0730419857444 0.951214132966838 7.64728782671335 0.00199405801431674 41.2905824881063 -34.3720028510309 0.402185502110764 -3.43052054412515 -34.3720028510309 0.350765000603419 0.475935716252959
2454053.85367442 -67.5974974287078 0.855931961162463 7.65018448453985 0.00231163329296535 41.2669548249642 -31.9221145882568 0.401363085994847 1.49224666854573 -31.9221145882568 0.352124451331416 0.486147462935361
2454053.85736865 -68.4998304496735 0.855750300555678 7.64615840003385 -0.0019460712573256 41.293049983192 -36.2523281582093 0.401939010718072 -3.23054519542796 -36.2523281582093 0.352031647290275 0.486107398361683
2454055.84241075 -65.4809173207938 0.846516719374659 7.64907935975509 -0.000799592688291995 41.2860173347121 -34.4692700853483 0.403235645014488 -1.29422422763622 -34.4692700853483 0.361642443994784 0.487351608482793
2454055.8471489 -65.7850269665251 0.797752789300794 7.64949615098687 0.00184166974407063 41.2795690813507 -33.6614099206407 0.40330535049471 -5.12189094992913 -33.6614099206407 0.361374067368239 0.487420938634961
2455111.8704544 -105.093133021488 0.859455057072343 7.65591788595333 -0.00137095731180636 41.2745667383971 -29.2196085463486 0.402894985736178 -3.83910379435557 -29.2196085463486 0.356401627569087 0.483579019866659
2455111.8759334 -104.747914358789 0.860500981957434 7.65748603515954 -0.00111646816716693 41.2827739466331 -29.8290086795645 0.402877978779673 -2.23520466968656 -29.8290086795645 0.356570993605626 0.482337890319734
2455115.85537243 -104.273814369202 0.900070364803287 7.65423173630459 -0.001285509990538 41.2774945658379 -31.6650332216813 0.402796090912111 -2.09137869607691 -31.6650332216813 0.360755539440926 0.487315168193864
2455115.86100836 -103.649269427997 0.949258369396369 7.65672555213682 -0.0019803810668968 41.2706907653087 -30.420962911618 0.403633960126556 -10.9544527238214 -30.420962911618 0.360210871266322 0.488748243502558
2455123.86439772 -107.235724290398 0.805266640854197 7.65524116492243 -0.0026632108180884 41.2819932229785 -31.957533126646 0.403649769195721 -9.44068862473036 -31.957533126646 0.354030485145015 0.477320590605287
2455123.86854887 -107.268002834656 0.914853294167005 7.65487295960754 -0.000137862269715683 41.2795849279364 -31.1406571716958 0.403801853956739 -5.87956768316761 -31.1406571716958 0.353096840868694 0.477442019620247
2455123.87240154 -107.586542773112 0.8878798775719 7.65705493358514 -0.000508199662968778 41.2831393743579 -32.1964348630917 0.403145982365056 -5.08806028641097 -32.1964348630917 0.352786030792953 0.477386203283157
2455124.85953318 -102.823028273659 0.922610641123701 7.65187483845556 -0.00085248164018914 41.2926878738865 -33.7061104872262 0.403347802618386 -4.3660709560562 -33.7061104872262 0.353604781344674 0.477135428516432
2455124.86268064 -103.17665064683 0.91662938328564 7.65271427170321 -0.000773272965577831 41.2856790576737 -33.2068624106785 0.402644490187305 -3.3786648986858 -33.2068624106785 0.353882098309033 0.477354635427252
2455124.86617727 -104.368830278501 0.836373248130509 7.65405874214272 -0.000281203254635543 41.2808579104793 -32.6025698482589 0.404020612643817 1.25958037745216 -32.6025698482589 0.353449252146509 0.477499876930413
2455126.83012798 -105.090220693156 0.794826652531935 7.65205416766847 0.0004613221952674 41.2993343080069 -35.0334042417985 0.403671564509357 -2.83671989055537 -35.0334042417985 0.34864404533147 0.4834171854146
2455126.83393529 -105.603216984305 0.898826164629461 7.65130296803383 -0.000319193112627403 41.3049002996849 -37.2210737482115 0.403174575426057 -3.77849215970665 -37.2210737482115 0.348940494518115 0.483674495716756
2455126.837778 -103.829177864227 0.768615552796145 7.65115881249173 0.000117215581909136 41.3019467079368 -35.7564380787054 0.402939149625293 -6.27003990859512 -35.7564380787054 0.348284044427135 0.483272650000328
2455128.85957831 -104.456486442928 0.911689170124905 7.65180360983977 -0.0011290936280961 41.3010668956212 -36.5877806748111 0.406685728881135 -4.34559145193118 -36.5877806748111 0.350693719859434 0.485375462540183
2455128.86349776 -102.787707819987 0.877810755142997 7.6508067195558 -0.001384779390456 41.304910632878 -36.0469208513616 0.406660984010982 -1.91873702337927 -36.0469208513616 0.35063811415445 0.485269254818239
2455128.86730067 -102.879948029984 0.887633299584612 7.65116429374821 -0.00121350963300593 41.3004635330814 -37.2332980970879 0.406618991016389 -2.34258357667902 -37.2332980970879 0.350066366154174 0.484495323109534
2455129.85860061 -105.095964300018 0.928653581726862 7.65052031567971 -0.000443187223385877 41.2919785428327 -34.8508960578688 0.402887046840968 -6.85365475256083 -34.8508960578688 0.359830371798236 0.485166551558594
2455129.86186322 -104.172353973865 0.977190313380048 7.65273860792154 -0.00207959392775692 41.2912241313734 -32.8305801710559 0.403418590489272 -8.34812424771665 -32.8305801710559 0.359758724535241 0.484655573705992
2455129.86506298 -105.262955467067 0.916627130651406 7.65181788331764 -0.000456029079108689 41.2890385341897 -35.5073842249503 0.403497120050941 -8.24808422983909 -35.5073842249503 0.359801033950607 0.484549358687037
2455133.83559981 -104.069630325031 0.873659835116738 7.65614034087128 -0.00164085039376616 41.2828780203923 -33.1139168733102 0.402701403150212 -11.1633608239398 -33.1139168733102 0.360014178981891 0.487121929169145
2455133.84138183 -104.578091425937 0.868582971644466 7.65332070439031 -0.000249705203616557 41.2840286672033 -31.8794272225529 0.402130546829203 -5.41491484490884 -31.8794272225529 0.359259006212823 0.486333512936835
2455135.81456605 -106.060551581539 0.74492797179274 7.65435447588706 -0.000822028672120112 41.285853850793 -32.0265062485776 0.402527948091028 -2.74746791323004 -32.0265062485776 0.350838127098719 0.473587689355707
2455135.8200961 -105.131606908916 0.771331534644503 7.65448154637586 -0.000622929250759796 41.2830893995026 -31.6679941441051 0.402739361983556 -2.53360663141769 -31.6679941441051 0.351420052656601 0.475583267020402
2455138.83253644 -103.612021493618 0.81256857060119 7.6569458781721 0.000768762244724996 41.2650500444754 -28.3511668645733 0.403681675984285 0.1403396723703 -28.3511668645733 0.346246345500265 0.480312308975151
2455138.83783663 -102.889503645924 0.834012343886788 7.65730308530082 -0.00115591768403789 41.26746149802 -29.3338737158822 0.403474137467934 0.717780972650763 -29.3338737158822 0.346020140117073 0.47950035711229
2455140.80494368 -103.772213014988 0.950144581364421 7.65485791876668 -0.000957084121480989 41.2741806664703 -31.4520431312921 0.404378251198865 -3.80080082951429 -31.4520431312921 0.357245204544878 0.481952542803961
2455140.81036265 -103.259833763619 0.886939664040149 7.65367513353314 -0.000437228663768607 41.2876945512146 -33.2925113506744 0.404056160016404 -4.49428772572845 -33.2925113506744 0.356407527013478 0.482368663247885
2455164.65981703 -104.513555009097 0.924711073886629 7.65742402703298 -0.00262718161321551 41.2719792215237 -29.6195763358838 0.404312985493991 4.15671662351731 -29.6195763358838 0.351873468855816 0.485160581675963
2455164.663096 -103.859203895052 0.991886661993105 7.65544632132285 -2.80500999974009e-05 41.275793543085 -30.0648100422393 0.405224750219067 6.32855182535907 -30.0648100422393 0.351073953763082 0.485624692289983
2455164.66637185 -103.74972847484 0.919750335724167 7.65305955657808 -0.0010301812314335 41.2821569968801 -31.9273799088316 0.404856018569034 6.37399887201164 -31.9273799088316 0.351221749296138 0.48511842768831
2455166.61516505 -105.211746181529 0.868889552680076 7.65518949500749 0.000669179862622826 41.2802836635972 -31.7839247069411 0.404010723116168 -3.65362624695179 -31.7839247069411 0.354797655113588 0.482009528692297
2455166.61846891 -106.504486210696 0.858682060016778 7.656548710977 2.43610717127751e-05 41.2797038331381 -30.1643349974718 0.403557494632414 -9.18276708124276 -30.1643349974718 0.35607584092581 0.481471978074321
2455166.62178919 -105.757384575316 0.918752401994177 7.65832649459816 -0.00106086761622315 41.2748658483801 -31.0993047144174 0.404339314452766 -5.70182188658762 -31.0993047144174 0.354720519451804 0.481972280093946
2455167.63459976 -105.999783168596 0.975875003057236 7.65546183864726 0.00207523961537426 41.2728890945495 -29.8426406043993 0.404170207416085 5.3037670806131 -29.8426406043993 0.35649893521004 0.474877198333611
2455167.63721946 -106.71036994518 0.867938718064945 7.6560141427542 0.00249148806704014 41.2711770193642 -30.6638787745841 0.403789256831311 4.59850631939326 -30.6638787745841 0.356452767409464 0.474726079641759
2455167.63995106 -105.657322828441 0.999285505985135 7.65430690697618 0.00026579229302115 41.2641428564257 -29.6127107327358 0.403460795449636 2.61733602569779 -29.6127107327358 0.357511550178118 0.476639184044046
2455167.6425844 -105.083080979947 0.95493722122781 7.65442746664935 0.00122732299288231 41.274767661888 -30.9038480550222 0.403845153617849 12.7640340401512 -30.9038480550222 0.357553475983609 0.475209342661061
2455168.65833855 -106.41598358673 0.971077941591001 7.65226559791604 -0.00191823455955742 41.2902835102587 -33.4880908161975 0.403652918677205 4.56440207395089 -33.4880908161975 0.350645067148897 0.47575305190477
2455168.66101887 -107.579509494306 0.912714806482597 7.65338317850779 0.000962369440795641 41.2830556179113 -32.5312065130745 0.403544542325844 0.487467332378298 -32.5312065130745 0.350986600315037 0.476583370654748
2455168.66369852 -106.794614363213 0.865804615582376 7.65128538559162 4.31240538709687e-05 41.2880605720862 -33.5109288992088 0.403254105507496 -3.48012592073211 -33.5109288992088 0.351103743541058 0.47625704066748
2455168.66638891 -106.938389834044 0.949772337068065 7.65217209906342 -0.00149654957209577 41.2975624742794 -34.0237465476994 0.40348876376461 4.08275796656742 -34.0237465476994 0.351185638298343 0.475758730269958
2455169.66326367 -103.18881854906 1.11499658773533 7.65278481130058 7.17493580584261e-05 41.2895413416916 -30.888642662537 0.404207561455795 -10.9266839367044 -30.888642662537 0.351099217485453 0.475708002182238
2455169.6659463 -104.713967520249 0.834030237738522 7.65172722528926 -0.000150811056611744 41.3001265905673 -31.8628404740387 0.40365635168458 -5.15484810830091 -31.8628404740387 0.351869014381583 0.475418380398215
2455169.66862469 -103.014080241416 0.966320080832809 7.65330482491361 0.00120096140335768 41.3006238961225 -32.5393229323615 0.404463782826621 -8.02035459492248 -32.5393229323615 0.351328272482719 0.475622960803841
2455169.67126476 -103.971842900143 0.934175599325144 7.65222534665741 -0.000868181533205004 41.2994792352733 -32.9898362669453 0.404167545947274 0.266445506831067 -32.9898362669453 0.351796950992792 0.475138616651582
2455279.48714015 -115.518098424884 0.94386986561892 7.65456574843333 -0.00282368332918637 41.2604723789713 -23.9397169043547 0.404786217249746 -1.02880979061272 -23.9397169043547 0.352677282175744 0.486248392839954
2455279.49122756 -115.812903445574 0.819208780456136 7.6560469386742 -0.0029957170591608 41.2655703966556 -27.7690741022942 0.404737675902323 1.75384518191626 -27.7690741022942 0.354761916794014 0.484788903820918
2455279.4954987 -116.442009463879 0.944965915718628 7.65276907780502 -0.000750134732774299 41.2772534810249 -29.2650261387648 0.405223431197138 -4.41894658622794 -29.2650261387648 0.351825090756391 0.487223847945479
2456619.73322441 17.720864457127 1.04728019748814 7.66441534065269 0.000455819386786516 41.2281900194075 -14.8733796357198 0.40156001274526 -6.05029948706552 -14.8733796357198 0.350386577099517 0.484005810062729
2456619.73648532 16.0399092064489 1.0638713485348 7.66424666302883 0.000425712874712048 41.218591665394 -13.3405578459469 0.402437755123709 -9.56997456383419 -13.3405578459469 0.350430502577599 0.483868658343008
2456619.73968931 18.8878963187841 0.953630789823774 7.66204925813955 -0.000513323149514022 41.2247460316579 -14.9933846556916 0.402737112053994 -12.126226488872 -14.9933846556916 0.349296673756839 0.483030442234245
2456623.71652948 14.1540351854369 1.10817854675144 7.66389258556685 0.000809964170750632 41.2244344556033 -14.457464114245 0.401812218254125 -16.3726992352439 -14.457464114245 0.353198275391291 0.474692798686313
2456623.72014309 16.4788041702386 0.991771841097974 7.66568299962757 -0.000120085285004734 41.2114993007318 -13.7769500197324 0.402704838003036 -13.4380099771487 -13.7769500197324 0.352492267384521 0.476862553228328
2456623.72378088 15.1220437578169 0.977964054902687 7.66362409109864 -0.00186989942372051 41.2257933234403 -14.5483187647443 0.402567693839869 -13.4794556918172 -14.5483187647443 0.352943568924282 0.475981453451351
2456625.75887233 16.7398627223107 0.834479942644848 7.66630553820766 -0.000413355697265416 41.2347502406663 -14.0090795154005 0.402412532815863 -8.04425401500014 -14.0090795154005 0.351968774543515 0.48711998389881
2456625.76451149 16.286517488198 0.867693719080101 7.66691576253131 -0.000524119523840127 41.2218715804606 -12.485495827614 0.403216128284046 -12.3478785634662 -12.485495827614 0.35161678722894 0.487314536160402
2456628.74854296 13.5977665555425 1.02205380293357 7.66513255401237 -0.00139990195180495 41.2403948318359 -17.1639867412298 0.403245127325837 -10.4213634021509 -17.1639867412298 0.36177475722641 0.487444116543341
2456628.7543318 14.383945996161 0.979484267956364 7.66540309802163 -0.00114319722450418 41.2424020244681 -16.1457172433223 0.403174156257011 -1.92467669012723 -16.1457172433223 0.361427663736354 0.486364082234007
2456632.72041418 9.88844689833374 0.977132746406755 7.66384345169858 -0.000892283134213301 41.2416414524962 -17.1174869040179 0.40294078401752 -8.79722880228479 -17.1174869040179 0.349638428367461 0.485133845675912
2456632.72568463 10.795601557533 0.88812771454598 7.66298350944204 0.00181346457264375 41.2374408198249 -17.2555180333693 0.403130944555007 -8.08858960455273 -17.2555180333693 0.349307285927365 0.483773607695007
2456700.52074195 -9.57629322544825 0.858586566686894 7.66533807267712 0.000695607301734569 41.2166741351739 -12.8961766729953 0.403484969382721 -3.80153286389488 -12.8961766729953 0.353700876367315 0.490468210879381
2456700.52633545 -9.32573792801374 0.917139431402253 7.66561728802926 -0.000806469029734913 41.2160836900759 -15.4264833259762 0.403860163006511 -14.8787587412731 -15.4264833259762 0.354535150874545 0.491182262244918
2456721.52943738 -21.5116165329443 0.850459441966259 7.66457183392356 -0.000908434626076371 41.2140234508181 -14.4285105278963 0.403553358234332 -8.73931298282442 -14.4285105278963 0.36022974374411 0.484460343333714
2456721.53522201 -21.0935281718388 0.926330086243171 7.66317934421823 -0.00154030868053212 41.2087835187873 -13.4208046378836 0.403751737816908 -7.29180731157729 -13.4208046378836 0.359262506363717 0.48320413362164
2456723.50569583 -21.0466147322117 0.891787619645007 7.66522451227961 0.00251176923124774 41.2005435851169 -11.1128954199017 0.402684027608177 -1.71459282947081 -11.1128954199017 0.360508692438077 0.491658174630134
2456723.51126518 -20.0438508862006 1.00515773191478 7.66515554110905 -0.00173949821049746 41.1969865181697 -11.4008925895492 0.402750717810717 -4.78460705338159 -11.4008925895492 0.360445964549594 0.492630174145104
2456725.50607313 -18.0216737308972 0.900555722409908 7.66852880971389 0.0010480751046309 41.1935560858294 -11.6039635638811 0.40331442590976 -1.90361181125081 -11.6039635638811 0.350026139163972 0.49652977632577
2456725.51138888 -18.2738223578475 1.20182212286028 7.66492540981287 0.00164524438478253 41.1890256643949 -13.3508509986209 0.401810677958838 4.07171933811325 -13.3508509986209 0.351110912685106 0.495809490233576
2456990.73434156 -76.6177186077851 0.889914922712118 7.66803412203593 -0.00290175825803018 41.2187003225773 -12.5848728169172 0.402070674128235 -5.54551417100868 -12.5848728169172 0.349340788773607 0.48437316523722
2456990.73992727 -76.4724530408157 0.972319917957127 7.66956287241056 -0.00156940885181811 41.2182853751983 -12.5853551245539 0.402566960476505 -5.22278579867975 -12.5853551245539 0.350053440395371 0.484365258307331
2456994.78251831 -75.9553103330275 0.814405997215428 7.66527894770103 -0.0011116491083456 41.2155269462682 -12.6315194297639 0.40281707006807 -8.59180349729055 -12.6315194297639 0.360422080730691 0.476697450025821
2456994.78815287 -74.7722220867665 0.955752765260708 7.66560494921122 -0.000630565745591838 41.2225769909002 -13.9926259521323 0.402997817277463 -3.2130017868987 -13.9926259521323 0.360546507579403 0.477387842494456
2456998.68196732 -78.5074186664717 0.820720681618033 7.6693303498159 -0.000250995604103466 41.2221991032152 -9.94233726873011 0.402840411896328 -17.1644219388986 -9.94233726873011 0.353012043838556 0.487177014510668
2457002.78172571 -75.9877114471279 0.858425612891025 7.6691430365466 -0.0021956432698591 41.2319490209473 -13.9767318615402 0.403012614012936 -12.5970887558496 -13.9767318615402 0.35227380393058 0.477656413382313
