BJD RV eRV FWHM BIS Sind eSind Halpha eHalpha
2458367.869454 10874.79 0.26 8726.89 -0.035 0.157607 2.9e-05 0.190834 1.4e-05
2458367.871444 10876.16 0.24 8727.41 -0.0349 0.158518 2.5e-05 0.191048 1.2e-05
2458367.873341 10875.78 0.25 8726.28 -0.0347 0.157664 2.6e-05 0.190987 1.3e-05
2458367.875278 10875.1 0.22 8728.95 -0.0347 0.158364 2.1e-05 0.190946 1.1e-05
2458367.877241 10876.17 0.23 8726.97 -0.0351 0.157987 2.4e-05 0.190703 1.2e-05
2458367.87922 10876.25 0.26 8727.6 -0.0356 0.157907 2.8e-05 0.190968 1.3e-05
2458368.885294 10877.38 0.24 8725.77 -0.0352 0.1572 2.6e-05 0.190745 1.2e-05
2458368.887256 10879.03 0.22 8727.59 -0.0356 0.159076 2.2e-05 0.19055 1.1e-05
2458368.889181 10878.32 0.21 8726.25 -0.0353 0.158675 2.1e-05 0.190617 1.1e-05
2458368.891134 10877.81 0.21 8728.99 -0.035 0.159017 2e-05 0.190743 1e-05
2458368.893124 10877.18 0.2 8727.86 -0.0347 0.159138 1.8e-05 0.19047 1e-05
2458368.89504 10878.6 0.2 8729.24 -0.0361 0.158953 1.8e-05 0.190658 1e-05
2458369.868415 10876.85 0.2 8729.65 -0.0348 0.158706 1.9e-05 0.191024 1e-05
2458369.87037 10878.46 0.21 8730.94 -0.0355 0.159557 1.9e-05 0.190838 1e-05
2458369.872305 10877.77 0.21 8728.54 -0.0351 0.158193 2e-05 0.190987 1e-05
2458369.874255 10877 0.2 8731.63 -0.0358 0.159173 1.8e-05 0.190936 1e-05
2458369.876177 10878.38 0.19 8730.41 -0.0349 0.159348 1.6e-05 0.190886 9e-06
2458369.878117 10876.8 0.2 8732.99 -0.0349 0.159492 1.8e-05 0.190935 1e-05
2458369.880032 10878.82 0.2 8731.51 -0.0356 0.159549 1.8e-05 0.190902 9e-06
2458369.881926 10877.13 0.2 8731.62 -0.0345 0.159125 1.9e-05 0.191276 1e-05
2458369.883863 10879.3 0.2 8728.47 -0.0353 0.159371 1.9e-05 0.191127 1e-05
2458369.885842 10877.04 0.2 8730.72 -0.0345 0.159376 1.7e-05 0.191343 9e-06
2458369.887783 10879.12 0.21 8728.96 -0.0346 0.159089 1.9e-05 0.190969 1e-05
2458369.889755 10877.26 0.19 8731.56 -0.0354 0.159255 1.7e-05 0.191349 9e-06
2458369.891725 10878.45 0.2 8731.68 -0.0355 0.15921 1.7e-05 0.191499 9e-06
2458369.893648 10878.03 0.2 8731.03 -0.0357 0.159455 1.8e-05 0.191395 1e-05
2458369.895644 10877.92 0.2 8731.31 -0.0352 0.15927 1.8e-05 0.191322 1e-05
2458370.885793 10877.67 0.31 8728.46 -0.0349 0.155317 3.8e-05 0.190605 1.7e-05
2458370.887726 10880.81 0.3 8727.83 -0.0346 0.1553 3.6e-05 0.190788 1.6e-05
2458370.889674 10878.71 0.31 8728.24 -0.0354 0.155481 4e-05 0.190782 1.7e-05
2458370.891574 10879 0.31 8729.45 -0.036 0.155141 4e-05 0.190669 1.7e-05
2458370.89351 10879.26 0.29 8728.64 -0.0352 0.156222 3.5e-05 0.190522 1.5e-05
2458370.895411 10878.84 0.28 8729.33 -0.0354 0.157167 3.3e-05 0.190712 1.5e-05
2458370.897441 10878.81 0.3 8729.84 -0.0362 0.156754 3.8e-05 0.19065 1.6e-05
2458370.899351 10878.44 0.3 8728.78 -0.0362 0.156334 3.8e-05 0.190701 1.6e-05
2458371.876552 10883.15 0.43 8728.31 -0.0362 0.153562 6.4e-05 0.18977 2.5e-05
2458371.878567 10884.87 0.36 8728.22 -0.0365 0.153934 4.9e-05 0.190564 2e-05
2458371.880488 10884.88 0.37 8728.59 -0.0365 0.153688 5.2e-05 0.190812 2.1e-05
2458371.88238 10883.68 0.36 8728.05 -0.0351 0.153956 4.8e-05 0.190086 2e-05
2458371.884336 10884.82 0.36 8727.79 -0.0369 0.152964 4.9e-05 0.190474 2e-05
2458371.886275 10884.5 0.37 8725.47 -0.0354 0.153517 5e-05 0.190649 2.1e-05
2458371.888247 10884.26 0.35 8725.02 -0.0353 0.153329 4.6e-05 0.190416 1.9e-05
2458371.890168 10884.33 0.44 8726.35 -0.0383 0.152806 6.7e-05 0.190379 2.6e-05
2458371.892075 10884.72 0.44 8725.94 -0.0377 0.15258 6.5e-05 0.190944 2.5e-05
2458371.894148 10884.25 0.49 8728.47 -0.0367 0.150533 7.6e-05 0.190317 2.9e-05
2458371.895988 10884.34 0.41 8723.02 -0.0352 0.152554 6e-05 0.190817 2.4e-05
2458371.897941 10885.43 0.41 8726.33 -0.0365 0.152678 6e-05 0.190795 2.4e-05
2458372.878873 10887.83 0.29 8726.66 -0.0363 0.15609 3.5e-05 0.190832 1.6e-05
2458372.880747 10887.36 0.3 8725.62 -0.0374 0.154528 3.7e-05 0.191652 1.6e-05
2458372.882634 10885.91 0.3 8726.67 -0.0366 0.15752 3.6e-05 0.190888 1.6e-05
2458372.884621 10887.22 0.35 8729.93 -0.0366 0.153806 4.6e-05 0.191974 2e-05
2458372.886662 10887.87 0.33 8728.23 -0.0367 0.15474 4.1e-05 0.191376 1.8e-05
2458372.888549 10886.43 0.29 8728.35 -0.0359 0.156879 3.3e-05 0.191397 1.5e-05
2458372.890511 10887.23 0.27 8727.59 -0.0366 0.157846 3e-05 0.19138 1.4e-05
2458372.89241 10887.31 0.24 8727.55 -0.0362 0.158338 2.6e-05 0.191387 1.2e-05
2458372.894359 10886.69 0.25 8728.49 -0.0368 0.157859 2.8e-05 0.191555 1.3e-05
2458372.89628 10887.4 0.27 8726.82 -0.036 0.157465 3e-05 0.19122 1.4e-05
2458373.890932 10889.09 0.24 8726.99 -0.0368 0.158753 2.5e-05 0.191039 1.2e-05
2458373.892893 10888.95 0.23 8731.83 -0.0361 0.158854 2.4e-05 0.19128 1.2e-05
2458373.894835 10888.63 0.23 8729.4 -0.0363 0.158421 2.3e-05 0.1911 1.1e-05
2458373.896761 10888.65 0.22 8730.33 -0.0371 0.158721 2.1e-05 0.191056 1.1e-05
2458373.898702 10888.73 0.23 8729.83 -0.0364 0.158992 2.2e-05 0.191449 1.1e-05
2458373.900687 10889.26 0.22 8731.11 -0.0367 0.158809 2.1e-05 0.191211 1.1e-05
2458374.87145 10891.49 0.32 8728.46 -0.0368 0.155662 4.1e-05 0.190068 1.8e-05
2458374.873361 10891.59 0.27 8730.14 -0.0371 0.156385 3e-05 0.189734 1.4e-05
2458374.875264 10890.63 0.26 8730.86 -0.0362 0.157675 2.9e-05 0.190253 1.4e-05
2458374.883539 10890.94 0.25 8727.14 -0.0364 0.158174 2.6e-05 0.190244 1.3e-05
2458374.885487 10891.75 0.25 8729.75 -0.0367 0.157955 2.7e-05 0.18999 1.3e-05
2458374.88745 10890.44 0.25 8728.48 -0.0362 0.15803 2.6e-05 0.190102 1.3e-05
2458374.889488 10892.02 0.23 8728.83 -0.0365 0.158587 2.3e-05 0.190275 1.1e-05
2458374.891436 10891.41 0.23 8727.63 -0.0372 0.158904 2.2e-05 0.189959 1.1e-05
2458421.784689 10943.85 0.19 8722.83 -0.0478 0.160605 1.8e-05 0.189782 9e-06
2458421.78665 10943.75 0.2 8724.29 -0.0482 0.160399 1.9e-05 0.189852 9e-06
2458421.7886 10942.88 0.2 8724.14 -0.0477 0.160464 1.9e-05 0.19033 9e-06
2458421.790528 10944.42 0.21 8722.22 -0.0478 0.16024 2.2e-05 0.190253 1e-05
2458421.79251 10942.83 0.2 8724.3 -0.0473 0.160781 2e-05 0.189731 1e-05
2458421.794467 10944.14 0.19 8723.43 -0.048 0.160599 1.8e-05 0.19 9e-06
2458422.84864 10945.82 0.23 8723.62 -0.0482 0.160193 2.6e-05 0.18995 1.2e-05
2458422.85058 10944.44 0.23 8727.56 -0.0475 0.159991 2.5e-05 0.189893 1.1e-05
2458422.852534 10945.73 0.22 8723.26 -0.0487 0.159621 2.4e-05 0.190347 1.1e-05
2458422.854464 10944.62 0.22 8725.19 -0.048 0.160634 2.3e-05 0.190319 1.1e-05
2458422.856356 10945.64 0.23 8724.14 -0.048 0.16023 2.6e-05 0.190295 1.2e-05
2458422.858326 10944.76 0.24 8725.11 -0.0477 0.15993 2.7e-05 0.190455 1.2e-05
2458424.813795 10945.9 0.19 8724.2 -0.0473 0.159701 1.8e-05 0.190291 9e-06
2458424.815708 10943.63 0.2 8725.25 -0.0476 0.160082 1.9e-05 0.190081 1e-05
2458424.817657 10947.35 0.21 8723.01 -0.0489 0.159472 2.1e-05 0.190333 1e-05
2458424.819617 10944.91 0.2 8727.08 -0.0486 0.160319 1.9e-05 0.189962 1e-05
2458424.821571 10944.39 0.19 8722.56 -0.0486 0.159821 1.8e-05 0.190148 9e-06
2458424.823501 10946.12 0.19 8726.67 -0.0475 0.16087 1.7e-05 0.189852 9e-06
2458426.777649 10943.71 0.3 8723.86 -0.0484 0.156921 4e-05 0.190234 1.6e-05
2458426.779718 10943.46 0.36 8724.55 -0.0474 0.156244 5.3e-05 0.190286 2e-05
2458426.781666 10942.78 0.29 8725.56 -0.0478 0.15756 3.7e-05 0.190495 1.5e-05
2458426.783602 10944.26 0.26 8723.94 -0.048 0.158638 3.1e-05 0.189941 1.4e-05
2458426.785543 10942.41 0.24 8725.8 -0.0479 0.158599 2.8e-05 0.190041 1.2e-05
2458426.787526 10943.33 0.24 8724.39 -0.0481 0.158647 2.8e-05 0.189983 1.2e-05
2458432.627967 10938.56 0.25 8725.11 -0.0475 0.159216 2.9e-05 0.190335 1.2e-05
2458432.629877 10939.34 0.24 8724.26 -0.0482 0.158854 2.9e-05 0.190051 1.2e-05
2458432.631839 10939.23 0.26 8723.28 -0.047 0.158729 3.2e-05 0.190561 1.3e-05
2458432.633696 10939.67 0.26 8725.39 -0.0472 0.158747 3.1e-05 0.190441 1.3e-05
2458432.635683 10940.66 0.27 8723.79 -0.0462 0.158974 3.5e-05 0.190641 1.4e-05
2458432.637589 10938.68 0.3 8723.14 -0.046 0.157675 4.1e-05 0.190676 1.6e-05
2458436.756332 10941.26 0.35 8722.94 -0.0476 0.156801 4.9e-05 0.19005 2e-05
2458436.75844 10941.8 0.38 8720.62 -0.0477 0.158168 5.6e-05 0.190671 2.2e-05
2458436.760186 10940.98 0.33 8722.76 -0.0488 0.157964 4.4e-05 0.191091 1.8e-05
2458436.762168 10941.53 0.27 8722.26 -0.0464 0.158801 3.2e-05 0.190363 1.4e-05
2458436.76415 10939.78 0.29 8724.16 -0.0474 0.158418 3.5e-05 0.190713 1.5e-05
2458436.766006 10941.61 0.31 8722.92 -0.0467 0.15879 4.1e-05 0.190529 1.7e-05
2458439.678841 10933.94 0.31 8725.38 -0.0466 0.158255 3.9e-05 0.190534 1.7e-05
2458439.680831 10933.18 0.29 8725.44 -0.0463 0.158651 3.6e-05 0.190382 1.6e-05
2458444.813039 10929.18 0.26 8726.5 -0.0464 0.160854 2.9e-05 0.190605 1.3e-05
2458444.815013 10930.75 0.29 8721.99 -0.046 0.161734 3.5e-05 0.190878 1.5e-05
2458444.816892 10929.16 0.3 8724.3 -0.0461 0.158863 3.8e-05 0.190571 1.6e-05
2458444.818835 10932.52 0.31 8723.46 -0.0461 0.15797 4.1e-05 0.190576 1.7e-05
2458444.820721 10927.61 0.32 8719.17 -0.0469 0.158263 4.2e-05 0.190959 1.8e-05
2458444.822637 10931.24 0.3 8724.81 -0.0477 0.159925 3.8e-05 0.190713 1.6e-05
2458444.830071 10930.36 0.35 8723.85 -0.0474 0.162184 4.9e-05 0.190278 2e-05
2458459.637836 10913.52 0.37 8718.15 -0.0389 0.155297 5.2e-05 0.18988 2.1e-05
2458459.639842 10914.1 0.34 8720.44 -0.0389 0.156342 4.5e-05 0.189819 1.9e-05
2458459.641863 10914.53 0.4 8716.13 -0.0376 0.154923 5.9e-05 0.18995 2.3e-05
2458459.643734 10914.72 0.35 8721.98 -0.0388 0.153385 4.8e-05 0.189659 2e-05
2458459.645708 10912.17 0.33 8721.88 -0.0393 0.157228 4.4e-05 0.189653 1.8e-05
2458459.647579 10915.48 0.39 8720.83 -0.0385 0.155091 5.7e-05 0.189771 2.2e-05
2458463.774276 10908.73 0.28 8724.03 -0.0372 0.157404 3.3e-05 0.19046 1.4e-05
2458463.77619 10908.69 0.24 8724.62 -0.0377 0.158986 2.6e-05 0.190402 1.2e-05
2458463.77816 10909.12 0.24 8723.37 -0.038 0.159219 2.6e-05 0.190275 1.2e-05
2458463.780114 10908.54 0.23 8725.96 -0.0379 0.159331 2.4e-05 0.190637 1.1e-05
2458463.782047 10908.85 0.24 8725.1 -0.0388 0.158784 2.7e-05 0.190313 1.2e-05
2458463.784016 10907.72 0.24 8724.16 -0.0389 0.158926 2.7e-05 0.19005 1.2e-05
2458466.665784 10906.6 0.24 8724.27 -0.038 0.158678 2.5e-05 0.190576 1.2e-05
2458466.667701 10904.63 0.24 8725.66 -0.0381 0.158671 2.6e-05 0.19053 1.2e-05
2458466.669642 10906.31 0.24 8724.43 -0.0383 0.158971 2.6e-05 0.190574 1.2e-05
2458466.671648 10905.57 0.24 8724.42 -0.0381 0.158641 2.5e-05 0.19077 1.2e-05
2458466.673617 10906.15 0.25 8722.36 -0.038 0.157821 2.8e-05 0.190829 1.3e-05
2458466.675552 10905.15 0.22 8726.24 -0.0378 0.158916 2.1e-05 0.190372 1.1e-05
2458470.705487 10899.89 0.26 8726.94 -0.0377 0.157474 3.2e-05 0.190449 1.3e-05
2458470.707414 10901.53 0.27 8724.26 -0.0386 0.157109 3.3e-05 0.190519 1.4e-05
2458470.7094 10898.77 0.26 8725.89 -0.0377 0.157565 3e-05 0.190521 1.3e-05
2458470.711348 10901.92 0.27 8726.14 -0.0381 0.158398 3.3e-05 0.190721 1.4e-05
2458470.713194 10900.39 0.3 8724.15 -0.0376 0.156842 3.8e-05 0.190395 1.6e-05
2458470.715185 10900.72 0.27 8726.69 -0.0368 0.156914 3.3e-05 0.190667 1.4e-05
2458488.562461 10878.06 0.24 8724.24 -0.036 0.158039 2.6e-05 0.190502 1.2e-05
2458488.56442 10876.57 0.24 8722.88 -0.0354 0.157456 2.6e-05 0.190874 1.2e-05
2458488.566414 10878.55 0.24 8723.68 -0.0366 0.158 2.5e-05 0.19055 1.2e-05
2458488.568306 10875.91 0.25 8723.48 -0.0354 0.157442 2.7e-05 0.190086 1.3e-05
2458488.570217 10877.84 0.24 8724.39 -0.0366 0.157998 2.7e-05 0.190404 1.2e-05
2458488.57217 10878.04 0.25 8722.46 -0.0367 0.157468 2.8e-05 0.190374 1.3e-05
2458488.739076 10876.19 0.69 8732.68 -0.0353 0.142283 0.000135 0.190081 4.2e-05
2458488.741026 10880.48 0.79 8715.85 -0.033 0.122932 0.00016 0.190754 4.8e-05
2458488.742967 10881.39 0.62 8709.19 -0.0331 0.145728 0.000116 0.19142 3.8e-05
2458488.744922 10879.49 0.6 8714.19 -0.0342 0.144322 0.000111 0.190315 3.6e-05
2458488.746951 10876.72 0.79 8716.15 -0.0353 0.127552 0.000159 0.190213 4.8e-05
2458488.748971 10882.22 0.87 8714.8 -0.0325 0.108122 0.00018 0.191077 5.3e-05
2458489.767025 10875.17 0.42 8724.05 -0.0368 0.153369 6.4e-05 0.190257 2.4e-05
2458489.768842 10876.05 0.41 8724.63 -0.0379 0.153245 6.2e-05 0.190346 2.4e-05
2458489.770853 10876.68 0.43 8721.85 -0.0367 0.152459 6.7e-05 0.189955 2.5e-05
2458489.772787 10875.96 0.43 8722.39 -0.0377 0.153845 6.8e-05 0.190134 2.5e-05
2458489.774704 10877.84 0.39 8723.04 -0.0362 0.153318 5.9e-05 0.19062 2.2e-05
2458489.776693 10876.27 0.51 8721.33 -0.0355 0.148588 8.7e-05 0.190401 3e-05
2458493.648582 10871.02 0.23 8725.73 -0.0348 0.158893 2.4e-05 0.190453 1.2e-05
2458493.650535 10872 0.22 8724.74 -0.0354 0.159001 2.2e-05 0.190359 1.1e-05
2458493.652492 10871.46 0.22 8726.6 -0.0355 0.158997 2.3e-05 0.190671 1.1e-05
2458493.654368 10871.27 0.22 8726.21 -0.0361 0.158964 2.3e-05 0.190627 1.1e-05
2458493.656362 10871.68 0.23 8725 -0.0368 0.158511 2.5e-05 0.190294 1.2e-05
2458493.658271 10871.11 0.26 8723.92 -0.0357 0.157849 2.9e-05 0.190433 1.3e-05
2458512.58724 10849.34 0.36 8723.25 -0.0531 0.153262 5.3e-05 0.19027 2e-05
2458512.589153 10851.32 0.38 8727.26 -0.057 0.152471 5.8e-05 0.190176 2.1e-05
2458512.591067 10849.7 0.38 8726.22 -0.0508 0.152238 5.8e-05 0.189814 2.1e-05
2458512.593033 10850.48 0.35 8719.52 -0.0543 0.154497 5.2e-05 0.189976 1.9e-05
2458512.59502 10849.54 0.35 8721.74 -0.0516 0.153184 5.2e-05 0.190667 1.9e-05
2458512.596954 10850.4 0.36 8723.03 -0.0513 0.152537 5.4e-05 0.190635 2e-05
2458532.632324 10824.84 0.27 8724.28 -0.0505 0.155629 3.5e-05 0.190195 1.4e-05
2458532.634431 10828.29 0.28 8727.54 -0.0508 0.15544 3.6e-05 0.19011 1.5e-05
2458532.636445 10824.93 0.27 8725.12 -0.0519 0.155968 3.3e-05 0.190212 1.4e-05
2458532.638473 10826.39 0.26 8726.28 -0.0503 0.155913 3.3e-05 0.190329 1.4e-05
2458532.640517 10824.77 0.28 8725.28 -0.0501 0.156266 3.5e-05 0.189907 1.4e-05
2458532.642566 10826.39 0.28 8725.67 -0.0519 0.156001 3.6e-05 0.190104 1.4e-05
2458533.545167 10827.45 0.27 8725.2 -0.0521 0.155407 3.4e-05 0.190274 1.4e-05
2458533.547193 10825.56 0.27 8727.75 -0.0508 0.155895 3.4e-05 0.190627 1.4e-05
2458533.549307 10826.78 0.27 8725.55 -0.0507 0.155997 3.4e-05 0.190123 1.4e-05
2458533.551414 10825.94 0.3 8725.83 -0.0507 0.154857 4.1e-05 0.189938 1.6e-05
2458533.553505 10828.11 0.29 8727.62 -0.0507 0.155035 3.9e-05 0.190156 1.5e-05
2458533.555526 10825.37 0.28 8725.33 -0.0503 0.156078 3.5e-05 0.190096 1.4e-05
2458533.599947 10825.26 0.31 8722.66 -0.0498 0.154645 4.3e-05 0.189963 1.7e-05
2458533.601973 10826.92 0.32 8726.08 -0.0512 0.154015 4.4e-05 0.189647 1.7e-05
2458533.604057 10824.6 0.31 8725.86 -0.0525 0.154509 4.1e-05 0.190206 1.6e-05
2458533.606092 10825.89 0.29 8727.39 -0.0522 0.155328 3.7e-05 0.190265 1.5e-05
2458533.608102 10825.12 0.29 8726.33 -0.0529 0.155083 3.9e-05 0.189889 1.6e-05
2458533.610172 10825.44 0.29 8727.34 -0.0509 0.154913 3.7e-05 0.189469 1.5e-05
2458536.519125 10824.29 0.24 8725.7 -0.0508 0.157789 2.7e-05 0.189946 1.2e-05
2458536.521077 10823.94 0.23 8725.05 -0.0501 0.157777 2.5e-05 0.189907 1.1e-05
2458536.52298 10825.07 0.23 8724.16 -0.0503 0.158217 2.4e-05 0.190213 1.1e-05
2458536.524962 10823.53 0.23 8725.56 -0.0492 0.157922 2.4e-05 0.190405 1.1e-05
2458536.526907 10826.27 0.24 8725.27 -0.051 0.157143 2.7e-05 0.190113 1.2e-05
2458536.52885 10822.5 0.25 8725.79 -0.0516 0.157301 2.9e-05 0.18993 1.3e-05
2458536.595111 10823.82 0.21 8725.97 -0.0523 0.158467 2.1e-05 0.190357 1e-05
2458536.597025 10823.15 0.22 8726.41 -0.0519 0.158099 2.2e-05 0.190646 1.1e-05
2458536.59894 10824.73 0.21 8724.09 -0.0508 0.158087 2.2e-05 0.190225 1e-05
2458536.600915 10824.44 0.2 8726.37 -0.0515 0.158478 2e-05 0.190853 1e-05
2458536.602863 10822.29 0.21 8726.07 -0.0511 0.158794 2e-05 0.190427 1e-05
2458536.604778 10825.63 0.2 8725.71 -0.0524 0.1589 1.9e-05 0.19058 1e-05
2458538.608846 10822.13 0.85 8722.98 -0.0501 0.135984 0.000186 0.190083 5.1e-05
2458538.610831 10822.28 0.49 8727.31 -0.0509 0.1501 8.8e-05 0.190113 2.8e-05
2458538.612797 10820.72 0.49 8720.95 -0.0514 0.14948 8.7e-05 0.189813 2.8e-05
2458538.614742 10821.31 0.44 8721.9 -0.0508 0.151742 7.4e-05 0.190429 2.5e-05
2458538.616659 10820.58 0.39 8726.66 -0.0506 0.151666 6.2e-05 0.19008 2.2e-05
2458538.618575 10821.95 0.4 8725.1 -0.05 0.151661 6.6e-05 0.190055 2.2e-05
2458539.55071 10822.73 0.28 8726.93 -0.0522 0.155401 3.6e-05 0.191336 1.5e-05
2458539.55271 10820.88 0.25 8724.33 -0.0509 0.157116 3e-05 0.191232 1.3e-05
2458539.554685 10822.17 0.25 8725.5 -0.0511 0.156397 3e-05 0.191113 1.3e-05
2458539.556608 10821.75 0.26 8723.92 -0.0511 0.15634 3.1e-05 0.191116 1.3e-05
2458539.55856 10820.15 0.26 8726.47 -0.0507 0.156342 3.2e-05 0.19087 1.3e-05
2458539.560532 10821.93 0.24 8726.37 -0.0511 0.157265 2.8e-05 0.19103 1.2e-05
2458541.524454 10818.26 0.25 8727.15 -0.0522 0.156972 2.9e-05 0.190196 1.3e-05
2458541.526379 10817.38 0.25 8728.23 -0.0517 0.156821 2.9e-05 0.189975 1.3e-05
2458541.52833 10817.9 0.33 8722.47 -0.049 0.155486 4.5e-05 0.190089 1.8e-05
2458541.530327 10817.73 0.29 8725.49 -0.0504 0.156478 3.7e-05 0.1898 1.5e-05
2458541.532233 10817.34 0.31 8723.5 -0.0505 0.155218 4.2e-05 0.19 1.7e-05
2458541.534263 10819.32 0.3 8725.04 -0.0497 0.155549 3.8e-05 0.190175 1.6e-05
2458541.624152 10816.78 0.23 8725.75 -0.0508 0.157441 2.6e-05 0.189886 1.2e-05
2458541.626115 10817.39 0.23 8723.77 -0.0501 0.157163 2.6e-05 0.190201 1.2e-05
2458541.628033 10817.87 0.25 8728.92 -0.0503 0.156985 2.9e-05 0.190069 1.3e-05
2458541.629951 10817.23 0.26 8726.33 -0.0506 0.156211 3e-05 0.189758 1.3e-05
2458541.631974 10818.56 0.27 8724.57 -0.0516 0.156247 3.3e-05 0.189542 1.4e-05
2458541.633949 10816.93 0.25 8726.33 -0.0505 0.156422 2.9e-05 0.190149 1.3e-05
2458542.51939 10820.26 0.32 8721.45 -0.0502 0.154693 4.4e-05 0.189749 1.7e-05
2458542.521348 10819.49 0.31 8725.9 -0.0499 0.15495 4.1e-05 0.1897 1.6e-05
2458542.523281 10819.91 0.32 8724.8 -0.0509 0.15391 4.4e-05 0.18984 1.7e-05
2458542.525285 10818.48 0.31 8725.68 -0.0501 0.154709 4.2e-05 0.189782 1.7e-05
2458542.527282 10821.58 0.29 8722.89 -0.0497 0.154903 3.8e-05 0.190085 1.5e-05
2458542.529179 10818.65 0.27 8724.37 -0.0508 0.156296 3.3e-05 0.190356 1.4e-05
2458543.512909 10818.59 0.36 8726.09 -0.0516 0.151972 5.3e-05 0.190465 2e-05
2458543.514871 10817.44 0.34 8726.77 -0.0499 0.15307 4.9e-05 0.19 1.9e-05
2458543.516892 10818.4 0.38 8727.19 -0.0502 0.151798 5.7e-05 0.189493 2.1e-05
2458543.518801 10817.52 0.36 8724.75 -0.0505 0.152471 5.3e-05 0.189895 2e-05
2458543.520739 10819.11 0.32 8725.66 -0.0528 0.154732 4.5e-05 0.189953 1.8e-05
2458543.522661 10817.54 0.39 8728.14 -0.0529 0.150559 6e-05 0.189931 2.2e-05
2458543.615759 10817.33 0.25 8725.67 -0.0511 0.156225 3e-05 0.190146 1.3e-05
2458543.617755 10817.06 0.25 8726.73 -0.0511 0.156266 3e-05 0.189904 1.3e-05
2458543.619707 10816.45 0.28 8725.68 -0.0507 0.155125 3.7e-05 0.190025 1.5e-05
2458543.621736 10817.42 0.28 8726.53 -0.0507 0.155001 3.7e-05 0.189989 1.5e-05
2458543.623643 10817.11 0.28 8723.97 -0.0513 0.15539 3.8e-05 0.190262 1.5e-05
2458543.625609 10817.95 0.32 8727.6 -0.0498 0.154038 4.5e-05 0.189762 1.7e-05
2458544.552276 10817.05 0.4 8723.21 -0.049 0.153228 6e-05 0.190284 2.3e-05
2458544.554302 10817.34 0.4 8723.49 -0.0514 0.152452 6.2e-05 0.190039 2.3e-05
2458544.55629 10816.34 0.34 8727.25 -0.051 0.15438 4.8e-05 0.190226 1.9e-05
2458544.558243 10818.5 0.36 8722.18 -0.0512 0.153283 5.2e-05 0.190225 2e-05
2458544.560306 10815.41 0.31 8725.45 -0.0507 0.155459 4.1e-05 0.18987 1.7e-05
2458544.562073 10818.41 0.54 8723.66 -0.0533 0.147703 9.2e-05 0.190117 3.2e-05
2458555.490876 10808.24 0.24 8725.51 -0.0504 0.157243 2.7e-05 0.190681 1.2e-05
2458555.493143 10806.67 0.34 8721.35 -0.0495 0.15451 4.8e-05 0.189979 1.9e-05
2458555.49541 10807.59 0.39 8722.38 -0.0495 0.152857 6.1e-05 0.190352 2.2e-05
2458555.497588 10807.05 0.37 8723.92 -0.0506 0.153072 5.5e-05 0.190188 2e-05
2458555.499851 10808.45 0.36 8723.41 -0.0508 0.15357 5.5e-05 0.190702 2e-05
2458555.502116 10805.89 0.38 8722.66 -0.0494 0.154059 5.8e-05 0.190103 2.1e-05
2458555.574305 10808.83 0.37 8722.68 -0.0504 0.154044 5.6e-05 0.190808 2.1e-05
2458555.576629 10807.46 0.36 8722.58 -0.0496 0.154246 5.6e-05 0.190667 2e-05
2458555.578877 10808.74 0.32 8725.04 -0.0506 0.155392 4.6e-05 0.190456 1.7e-05
2458555.58107 10805.7 0.31 8720.94 -0.0502 0.156375 4.3e-05 0.189992 1.7e-05
2458555.58331 10808.07 0.33 8723.46 -0.051 0.155155 4.8e-05 0.190119 1.8e-05
2458555.585493 10807.74 0.33 8723.63 -0.0487 0.154648 4.6e-05 0.190198 1.8e-05
2458561.501312 10802.83 0.26 8726.22 -0.0498 0.157513 3.1e-05 0.189779 1.3e-05
2458561.503297 10805.53 0.26 8724.16 -0.049 0.157418 3e-05 0.190183 1.3e-05
2458561.505268 10802.83 0.24 8724.84 -0.0483 0.157495 2.8e-05 0.190207 1.2e-05
2458561.507188 10804.52 0.25 8725.87 -0.0491 0.157532 3e-05 0.19028 1.3e-05
2458561.509161 10802.93 0.25 8727.89 -0.0491 0.15768 2.9e-05 0.190369 1.3e-05
2458561.511133 10804.69 0.25 8724.68 -0.0489 0.157836 3e-05 0.190359 1.3e-05
2458562.488477 10800.78 0.33 8727.41 -0.0483 0.155375 4.7e-05 0.189757 1.8e-05
2458562.490442 10803.43 0.4 8724.47 -0.0493 0.154813 6.2e-05 0.190328 2.2e-05
2458562.492369 10801.74 0.37 8723.07 -0.0469 0.15552 5.5e-05 0.190225 2e-05
2458562.494327 10801.49 0.35 8723.82 -0.0501 0.155177 5e-05 0.189948 1.9e-05
2458562.496309 10803.19 0.35 8726.2 -0.049 0.155495 5.1e-05 0.189769 1.9e-05
2458562.498327 10802.32 0.32 8724.95 -0.0503 0.156459 4.5e-05 0.189521 1.7e-05
2458568.498334 10798.61 0.4 8724.44 -0.0507 0.151262 6.2e-05 0.190593 2.3e-05
2458568.501124 10797.2 0.43 8722.17 -0.0479 0.149654 6.9e-05 0.190671 2.5e-05
2458568.502863 10800.13 1.76 8724.95 -0.0556 0.193487 0.000109 0.325427 8.5e-05
