BJD RV eRV FWHM BIS Sind eSind Halpha eHalpha
2458367.869454 0 0.26 8726.89 -0.035 0.157607 2.9e-05 0.190834 1.4e-05
2458367.871444 1.36999999999898 0.24 8727.41 -0.0349 0.158518 2.5e-05 0.191048 1.2e-05
2458367.873341 0.989999999999782 0.25 8726.28 -0.0347 0.157664 2.6e-05 0.190987 1.3e-05
2458367.875278 0.309999999999491 0.22 8728.95 -0.0347 0.158364 2.1e-05 0.190946 1.1e-05
2458367.877241 1.3799999999992 0.23 8726.97 -0.0351 0.157987 2.4e-05 0.190703 1.2e-05
2458367.87922 1.45999999999913 0.26 8727.6 -0.0356 0.157907 2.8e-05 0.190968 1.3e-05
2458368.885294 2.58999999999833 0.24 8725.77 -0.0352 0.1572 2.6e-05 0.190745 1.2e-05
2458368.887256 4.23999999999978 0.22 8727.59 -0.0356 0.159076 2.2e-05 0.19055 1.1e-05
2458368.889181 3.52999999999884 0.21 8726.25 -0.0353 0.158675 2.1e-05 0.190617 1.1e-05
2458368.891134 3.01999999999862 0.21 8728.99 -0.035 0.159017 2e-05 0.190743 1e-05
2458368.893124 2.38999999999942 0.2 8727.86 -0.0347 0.159138 1.8e-05 0.19047 1e-05
2458368.89504 3.80999999999949 0.2 8729.24 -0.0361 0.158953 1.8e-05 0.190658 1e-05
2458369.868415 2.05999999999949 0.2 8729.65 -0.0348 0.158706 1.9e-05 0.191024 1e-05
2458369.87037 3.66999999999825 0.21 8730.94 -0.0355 0.159557 1.9e-05 0.190838 1e-05
2458369.872305 2.97999999999956 0.21 8728.54 -0.0351 0.158193 2e-05 0.190987 1e-05
2458369.874255 2.20999999999913 0.2 8731.63 -0.0358 0.159173 1.8e-05 0.190936 1e-05
2458369.876177 3.58999999999833 0.19 8730.41 -0.0349 0.159348 1.6e-05 0.190886 9e-06
2458369.878117 2.0099999999984 0.2 8732.99 -0.0349 0.159492 1.8e-05 0.190935 1e-05
2458369.880032 4.02999999999884 0.2 8731.51 -0.0356 0.159549 1.8e-05 0.190902 9e-06
2458369.881926 2.33999999999833 0.2 8731.62 -0.0345 0.159125 1.9e-05 0.191276 1e-05
2458369.883863 4.5099999999984 0.2 8728.47 -0.0353 0.159371 1.9e-05 0.191127 1e-05
2458369.885842 2.25 0.2 8730.72 -0.0345 0.159376 1.7e-05 0.191343 9e-06
2458369.887783 4.32999999999993 0.21 8728.96 -0.0346 0.159089 1.9e-05 0.190969 1e-05
2458369.889755 2.46999999999935 0.19 8731.56 -0.0354 0.159255 1.7e-05 0.191349 9e-06
2458369.891725 3.65999999999985 0.2 8731.68 -0.0355 0.15921 1.7e-05 0.191499 9e-06
2458369.893648 3.23999999999978 0.2 8731.03 -0.0357 0.159455 1.8e-05 0.191395 1e-05
2458369.895644 3.1299999999992 0.2 8731.31 -0.0352 0.15927 1.8e-05 0.191322 1e-05
2458370.885793 2.8799999999992 0.31 8728.46 -0.0349 0.155317 3.8e-05 0.190605 1.7e-05
2458370.887726 6.01999999999862 0.3 8727.83 -0.0346 0.1553 3.6e-05 0.190788 1.6e-05
2458370.889674 3.91999999999825 0.31 8728.24 -0.0354 0.155481 4e-05 0.190782 1.7e-05
2458370.891574 4.20999999999913 0.31 8729.45 -0.036 0.155141 4e-05 0.190669 1.7e-05
2458370.89351 4.46999999999935 0.29 8728.64 -0.0352 0.156222 3.5e-05 0.190522 1.5e-05
2458370.895411 4.04999999999927 0.28 8729.33 -0.0354 0.157167 3.3e-05 0.190712 1.5e-05
2458370.897441 4.01999999999862 0.3 8729.84 -0.0362 0.156754 3.8e-05 0.19065 1.6e-05
2458370.899351 3.64999999999964 0.3 8728.78 -0.0362 0.156334 3.8e-05 0.190701 1.6e-05
2458371.876552 8.35999999999876 0.43 8728.31 -0.0362 0.153562 6.4e-05 0.18977 2.5e-05
2458371.878567 10.0799999999999 0.36 8728.22 -0.0365 0.153934 4.9e-05 0.190564 2e-05
2458371.880488 10.0899999999983 0.37 8728.59 -0.0365 0.153688 5.2e-05 0.190812 2.1e-05
2458371.88238 8.88999999999942 0.36 8728.05 -0.0351 0.153956 4.8e-05 0.190086 2e-05
2458371.884336 10.0299999999988 0.36 8727.79 -0.0369 0.152964 4.9e-05 0.190474 2e-05
2458371.886275 9.70999999999913 0.37 8725.47 -0.0354 0.153517 5e-05 0.190649 2.1e-05
2458371.888247 9.46999999999935 0.35 8725.02 -0.0353 0.153329 4.6e-05 0.190416 1.9e-05
2458371.890168 9.53999999999905 0.44 8726.35 -0.0383 0.152806 6.7e-05 0.190379 2.6e-05
2458371.892075 9.92999999999847 0.44 8725.94 -0.0377 0.15258 6.5e-05 0.190944 2.5e-05
2458371.894148 9.45999999999913 0.49 8728.47 -0.0367 0.150533 7.6e-05 0.190317 2.9e-05
2458371.895988 9.54999999999927 0.41 8723.02 -0.0352 0.152554 6e-05 0.190817 2.4e-05
2458371.897941 10.6399999999994 0.41 8726.33 -0.0365 0.152678 6e-05 0.190795 2.4e-05
2458372.878873 13.0399999999991 0.29 8726.66 -0.0363 0.15609 3.5e-05 0.190832 1.6e-05
2458372.880747 12.5699999999997 0.3 8725.62 -0.0374 0.154528 3.7e-05 0.191652 1.6e-05
2458372.882634 11.119999999999 0.3 8726.67 -0.0366 0.15752 3.6e-05 0.190888 1.6e-05
2458372.884621 12.4299999999985 0.35 8729.93 -0.0366 0.153806 4.6e-05 0.191974 2e-05
2458372.886662 13.0799999999999 0.33 8728.23 -0.0367 0.15474 4.1e-05 0.191376 1.8e-05
2458372.888549 11.6399999999994 0.29 8728.35 -0.0359 0.156879 3.3e-05 0.191397 1.5e-05
2458372.890511 12.4399999999987 0.27 8727.59 -0.0366 0.157846 3e-05 0.19138 1.4e-05
2458372.89241 12.5199999999986 0.24 8727.55 -0.0362 0.158338 2.6e-05 0.191387 1.2e-05
2458372.894359 11.8999999999996 0.25 8728.49 -0.0368 0.157859 2.8e-05 0.191555 1.3e-05
2458372.89628 12.6099999999988 0.27 8726.82 -0.036 0.157465 3e-05 0.19122 1.4e-05
2458373.890932 14.2999999999993 0.24 8726.99 -0.0368 0.158753 2.5e-05 0.191039 1.2e-05
2458373.892893 14.1599999999999 0.23 8731.83 -0.0361 0.158854 2.4e-05 0.19128 1.2e-05
2458373.894835 13.8399999999983 0.23 8729.4 -0.0363 0.158421 2.3e-05 0.1911 1.1e-05
2458373.896761 13.8599999999988 0.22 8730.33 -0.0371 0.158721 2.1e-05 0.191056 1.1e-05
2458373.898702 13.9399999999987 0.23 8729.83 -0.0364 0.158992 2.2e-05 0.191449 1.1e-05
2458373.900687 14.4699999999993 0.22 8731.11 -0.0367 0.158809 2.1e-05 0.191211 1.1e-05
2458374.87145 16.6999999999989 0.32 8728.46 -0.0368 0.155662 4.1e-05 0.190068 1.8e-05
2458374.873361 16.7999999999993 0.27 8730.14 -0.0371 0.156385 3e-05 0.189734 1.4e-05
2458374.875264 15.8399999999983 0.26 8730.86 -0.0362 0.157675 2.9e-05 0.190253 1.4e-05
2458374.883539 16.1499999999996 0.25 8727.14 -0.0364 0.158174 2.6e-05 0.190244 1.3e-05
2458374.885487 16.9599999999991 0.25 8729.75 -0.0367 0.157955 2.7e-05 0.18999 1.3e-05
2458374.88745 15.6499999999996 0.25 8728.48 -0.0362 0.15803 2.6e-05 0.190102 1.3e-05
2458374.889488 17.2299999999996 0.23 8728.83 -0.0365 0.158587 2.3e-05 0.190275 1.1e-05
2458374.891436 16.619999999999 0.23 8727.63 -0.0372 0.158904 2.2e-05 0.189959 1.1e-05
2458421.784689 69.0599999999995 0.19 8722.83 -0.0478 0.160605 1.8e-05 0.189782 9e-06
2458421.78665 68.9599999999991 0.2 8724.29 -0.0482 0.160399 1.9e-05 0.189852 9e-06
2458421.7886 68.0899999999983 0.2 8724.14 -0.0477 0.160464 1.9e-05 0.19033 9e-06
2458421.790528 69.6299999999992 0.21 8722.22 -0.0478 0.16024 2.2e-05 0.190253 1e-05
2458421.79251 68.0399999999991 0.2 8724.3 -0.0473 0.160781 2e-05 0.189731 1e-05
2458421.794467 69.3499999999985 0.19 8723.43 -0.048 0.160599 1.8e-05 0.19 9e-06
2458422.84864 71.0299999999988 0.23 8723.62 -0.0482 0.160193 2.6e-05 0.18995 1.2e-05
2458422.85058 69.6499999999996 0.23 8727.56 -0.0475 0.159991 2.5e-05 0.189893 1.1e-05
2458422.852534 70.9399999999987 0.22 8723.26 -0.0487 0.159621 2.4e-05 0.190347 1.1e-05
2458422.854464 69.8299999999999 0.22 8725.19 -0.048 0.160634 2.3e-05 0.190319 1.1e-05
2458422.856356 70.8499999999985 0.23 8724.14 -0.048 0.16023 2.6e-05 0.190295 1.2e-05
2458422.858326 69.9699999999993 0.24 8725.11 -0.0477 0.15993 2.7e-05 0.190455 1.2e-05
2458424.813795 71.1099999999988 0.19 8724.2 -0.0473 0.159701 1.8e-05 0.190291 9e-06
2458424.815708 68.8399999999983 0.2 8725.25 -0.0476 0.160082 1.9e-05 0.190081 1e-05
2458424.817657 72.5599999999995 0.21 8723.01 -0.0489 0.159472 2.1e-05 0.190333 1e-05
2458424.819617 70.119999999999 0.2 8727.08 -0.0486 0.160319 1.9e-05 0.189962 1e-05
2458424.821571 69.5999999999985 0.19 8722.56 -0.0486 0.159821 1.8e-05 0.190148 9e-06
2458424.823501 71.3299999999999 0.19 8726.67 -0.0475 0.16087 1.7e-05 0.189852 9e-06
2458426.777649 68.9199999999983 0.3 8723.86 -0.0484 0.156921 4e-05 0.190234 1.6e-05
2458426.779718 68.6699999999983 0.36 8724.55 -0.0474 0.156244 5.3e-05 0.190286 2e-05
2458426.781666 67.9899999999998 0.29 8725.56 -0.0478 0.15756 3.7e-05 0.190495 1.5e-05
2458426.783602 69.4699999999993 0.26 8723.94 -0.048 0.158638 3.1e-05 0.189941 1.4e-05
2458426.785543 67.619999999999 0.24 8725.8 -0.0479 0.158599 2.8e-05 0.190041 1.2e-05
2458426.787526 68.5399999999991 0.24 8724.39 -0.0481 0.158647 2.8e-05 0.189983 1.2e-05
2458432.627967 63.7699999999986 0.25 8725.11 -0.0475 0.159216 2.9e-05 0.190335 1.2e-05
2458432.629877 64.5499999999993 0.24 8724.26 -0.0482 0.158854 2.9e-05 0.190051 1.2e-05
2458432.631839 64.4399999999987 0.26 8723.28 -0.047 0.158729 3.2e-05 0.190561 1.3e-05
2458432.633696 64.8799999999992 0.26 8725.39 -0.0472 0.158747 3.1e-05 0.190441 1.3e-05
2458432.635683 65.869999999999 0.27 8723.79 -0.0462 0.158974 3.5e-05 0.190641 1.4e-05
2458432.637589 63.8899999999994 0.3 8723.14 -0.046 0.157675 4.1e-05 0.190676 1.6e-05
2458436.756332 66.4699999999993 0.35 8722.94 -0.0476 0.156801 4.9e-05 0.19005 2e-05
2458436.75844 67.0099999999984 0.38 8720.62 -0.0477 0.158168 5.6e-05 0.190671 2.2e-05
2458436.760186 66.1899999999987 0.33 8722.76 -0.0488 0.157964 4.4e-05 0.191091 1.8e-05
2458436.762168 66.7399999999998 0.27 8722.26 -0.0464 0.158801 3.2e-05 0.190363 1.4e-05
2458436.76415 64.9899999999998 0.29 8724.16 -0.0474 0.158418 3.5e-05 0.190713 1.5e-05
2458436.766006 66.8199999999997 0.31 8722.92 -0.0467 0.15879 4.1e-05 0.190529 1.7e-05
2458439.678841 59.1499999999996 0.31 8725.38 -0.0466 0.158255 3.9e-05 0.190534 1.7e-05
2458439.680831 58.3899999999994 0.29 8725.44 -0.0463 0.158651 3.6e-05 0.190382 1.6e-05
2458444.813039 54.3899999999994 0.26 8726.5 -0.0464 0.160854 2.9e-05 0.190605 1.3e-05
2458444.815013 55.9599999999991 0.29 8721.99 -0.046 0.161734 3.5e-05 0.190878 1.5e-05
2458444.816892 54.369999999999 0.3 8724.3 -0.0461 0.158863 3.8e-05 0.190571 1.6e-05
2458444.818835 57.7299999999996 0.31 8723.46 -0.0461 0.15797 4.1e-05 0.190576 1.7e-05
2458444.820721 52.8199999999997 0.32 8719.17 -0.0469 0.158263 4.2e-05 0.190959 1.8e-05
2458444.822637 56.4499999999989 0.3 8724.81 -0.0477 0.159925 3.8e-05 0.190713 1.6e-05
2458444.830071 55.5699999999997 0.35 8723.85 -0.0474 0.162184 4.9e-05 0.190278 2e-05
2458459.637836 38.7299999999996 0.37 8718.15 -0.0389 0.155297 5.2e-05 0.18988 2.1e-05
2458459.639842 39.3099999999995 0.34 8720.44 -0.0389 0.156342 4.5e-05 0.189819 1.9e-05
2458459.641863 39.7399999999998 0.4 8716.13 -0.0376 0.154923 5.9e-05 0.18995 2.3e-05
2458459.643734 39.9299999999985 0.35 8721.98 -0.0388 0.153385 4.8e-05 0.189659 2e-05
2458459.645708 37.3799999999992 0.33 8721.88 -0.0393 0.157228 4.4e-05 0.189653 1.8e-05
2458459.647579 40.6899999999987 0.39 8720.83 -0.0385 0.155091 5.7e-05 0.189771 2.2e-05
2458463.774276 33.9399999999987 0.28 8724.03 -0.0372 0.157404 3.3e-05 0.19046 1.4e-05
2458463.77619 33.8999999999996 0.24 8724.62 -0.0377 0.158986 2.6e-05 0.190402 1.2e-05
2458463.77816 34.3299999999999 0.24 8723.37 -0.038 0.159219 2.6e-05 0.190275 1.2e-05
2458463.780114 33.75 0.23 8725.96 -0.0379 0.159331 2.4e-05 0.190637 1.1e-05
2458463.782047 34.0599999999995 0.24 8725.1 -0.0388 0.158784 2.7e-05 0.190313 1.2e-05
2458463.784016 32.9299999999985 0.24 8724.16 -0.0389 0.158926 2.7e-05 0.19005 1.2e-05
2458466.665784 31.8099999999995 0.24 8724.27 -0.038 0.158678 2.5e-05 0.190576 1.2e-05
2458466.667701 29.8399999999983 0.24 8725.66 -0.0381 0.158671 2.6e-05 0.19053 1.2e-05
2458466.669642 31.5199999999986 0.24 8724.43 -0.0383 0.158971 2.6e-05 0.190574 1.2e-05
2458466.671648 30.7799999999988 0.24 8724.42 -0.0381 0.158641 2.5e-05 0.19077 1.2e-05
2458466.673617 31.3599999999988 0.25 8722.36 -0.038 0.157821 2.8e-05 0.190829 1.3e-05
2458466.675552 30.3599999999988 0.22 8726.24 -0.0378 0.158916 2.1e-05 0.190372 1.1e-05
2458470.705487 25.0999999999985 0.26 8726.94 -0.0377 0.157474 3.2e-05 0.190449 1.3e-05
2458470.707414 26.7399999999998 0.27 8724.26 -0.0386 0.157109 3.3e-05 0.190519 1.4e-05
2458470.7094 23.9799999999996 0.26 8725.89 -0.0377 0.157565 3e-05 0.190521 1.3e-05
2458470.711348 27.1299999999992 0.27 8726.14 -0.0381 0.158398 3.3e-05 0.190721 1.4e-05
2458470.713194 25.5999999999985 0.3 8724.15 -0.0376 0.156842 3.8e-05 0.190395 1.6e-05
2458470.715185 25.9299999999985 0.27 8726.69 -0.0368 0.156914 3.3e-05 0.190667 1.4e-05
2458488.562461 3.26999999999862 0.24 8724.24 -0.036 0.158039 2.6e-05 0.190502 1.2e-05
2458488.56442 1.77999999999884 0.24 8722.88 -0.0354 0.157456 2.6e-05 0.190874 1.2e-05
2458488.566414 3.7599999999984 0.24 8723.68 -0.0366 0.158 2.5e-05 0.19055 1.2e-05
2458488.568306 1.11999999999898 0.25 8723.48 -0.0354 0.157442 2.7e-05 0.190086 1.3e-05
2458488.570217 3.04999999999927 0.24 8724.39 -0.0366 0.157998 2.7e-05 0.190404 1.2e-05
2458488.57217 3.25 0.25 8722.46 -0.0367 0.157468 2.8e-05 0.190374 1.3e-05
2458488.739076 1.39999999999964 0.69 8732.68 -0.0353 0.142283 0.000135 0.190081 4.2e-05
2458488.741026 5.68999999999869 0.79 8715.85 -0.033 0.122932 0.00016 0.190754 4.8e-05
2458488.742967 6.59999999999854 0.62 8709.19 -0.0331 0.145728 0.000116 0.19142 3.8e-05
2458488.744922 4.69999999999891 0.6 8714.19 -0.0342 0.144322 0.000111 0.190315 3.6e-05
2458488.746951 1.92999999999847 0.79 8716.15 -0.0353 0.127552 0.000159 0.190213 4.8e-05
2458488.748971 7.42999999999847 0.87 8714.8 -0.0325 0.108122 0.00018 0.191077 5.3e-05
2458489.767025 0.3799999999992 0.42 8724.05 -0.0368 0.153369 6.4e-05 0.190257 2.4e-05
2458489.768842 1.2599999999984 0.41 8724.63 -0.0379 0.153245 6.2e-05 0.190346 2.4e-05
2458489.770853 1.88999999999942 0.43 8721.85 -0.0367 0.152459 6.7e-05 0.189955 2.5e-05
2458489.772787 1.16999999999825 0.43 8722.39 -0.0377 0.153845 6.8e-05 0.190134 2.5e-05
2458489.774704 3.04999999999927 0.39 8723.04 -0.0362 0.153318 5.9e-05 0.19062 2.2e-05
2458489.776693 1.47999999999956 0.51 8721.33 -0.0355 0.148588 8.7e-05 0.190401 3e-05
2458493.648582 -3.77000000000044 0.23 8725.73 -0.0348 0.158893 2.4e-05 0.190453 1.2e-05
2458493.650535 -2.79000000000087 0.22 8724.74 -0.0354 0.159001 2.2e-05 0.190359 1.1e-05
2458493.652492 -3.33000000000175 0.22 8726.6 -0.0355 0.158997 2.3e-05 0.190671 1.1e-05
2458493.654368 -3.52000000000044 0.22 8726.21 -0.0361 0.158964 2.3e-05 0.190627 1.1e-05
2458493.656362 -3.11000000000058 0.23 8725 -0.0368 0.158511 2.5e-05 0.190294 1.2e-05
2458493.658271 -3.68000000000029 0.26 8723.92 -0.0357 0.157849 2.9e-05 0.190433 1.3e-05
2458512.58724 -25.4500000000007 0.36 8723.25 -0.0531 0.153262 5.3e-05 0.19027 2e-05
2458512.589153 -23.4700000000012 0.38 8727.26 -0.057 0.152471 5.8e-05 0.190176 2.1e-05
2458512.591067 -25.0900000000001 0.38 8726.22 -0.0508 0.152238 5.8e-05 0.189814 2.1e-05
2458512.593033 -24.3100000000013 0.35 8719.52 -0.0543 0.154497 5.2e-05 0.189976 1.9e-05
2458512.59502 -25.25 0.35 8721.74 -0.0516 0.153184 5.2e-05 0.190667 1.9e-05
2458512.596954 -24.3900000000012 0.36 8723.03 -0.0513 0.152537 5.4e-05 0.190635 2e-05
2458532.632324 -49.9500000000007 0.27 8724.28 -0.0505 0.155629 3.5e-05 0.190195 1.4e-05
2458532.634431 -46.5 0.28 8727.54 -0.0508 0.15544 3.6e-05 0.19011 1.5e-05
2458532.636445 -49.8600000000006 0.27 8725.12 -0.0519 0.155968 3.3e-05 0.190212 1.4e-05
2458532.638473 -48.4000000000015 0.26 8726.28 -0.0503 0.155913 3.3e-05 0.190329 1.4e-05
2458532.640517 -50.0200000000004 0.28 8725.28 -0.0501 0.156266 3.5e-05 0.189907 1.4e-05
2458532.642566 -48.4000000000015 0.28 8725.67 -0.0519 0.156001 3.6e-05 0.190104 1.4e-05
2458533.545167 -47.3400000000001 0.27 8725.2 -0.0521 0.155407 3.4e-05 0.190274 1.4e-05
2458533.547193 -49.2300000000014 0.27 8727.75 -0.0508 0.155895 3.4e-05 0.190627 1.4e-05
2458533.549307 -48.0100000000002 0.27 8725.55 -0.0507 0.155997 3.4e-05 0.190123 1.4e-05
2458533.551414 -48.8500000000004 0.3 8725.83 -0.0507 0.154857 4.1e-05 0.189938 1.6e-05
2458533.553505 -46.6800000000003 0.29 8727.62 -0.0507 0.155035 3.9e-05 0.190156 1.5e-05
2458533.555526 -49.4200000000001 0.28 8725.33 -0.0503 0.156078 3.5e-05 0.190096 1.4e-05
2458533.599947 -49.5300000000007 0.31 8722.66 -0.0498 0.154645 4.3e-05 0.189963 1.7e-05
2458533.601973 -47.8700000000008 0.32 8726.08 -0.0512 0.154015 4.4e-05 0.189647 1.7e-05
2458533.604057 -50.1900000000005 0.31 8725.86 -0.0525 0.154509 4.1e-05 0.190206 1.6e-05
2458533.606092 -48.9000000000015 0.29 8727.39 -0.0522 0.155328 3.7e-05 0.190265 1.5e-05
2458533.608102 -49.6700000000001 0.29 8726.33 -0.0529 0.155083 3.9e-05 0.189889 1.6e-05
2458533.610172 -49.3500000000004 0.29 8727.34 -0.0509 0.154913 3.7e-05 0.189469 1.5e-05
2458536.519125 -50.5 0.24 8725.7 -0.0508 0.157789 2.7e-05 0.189946 1.2e-05
2458536.521077 -50.8500000000004 0.23 8725.05 -0.0501 0.157777 2.5e-05 0.189907 1.1e-05
2458536.52298 -49.7200000000012 0.23 8724.16 -0.0503 0.158217 2.4e-05 0.190213 1.1e-05
2458536.524962 -51.2600000000002 0.23 8725.56 -0.0492 0.157922 2.4e-05 0.190405 1.1e-05
2458536.526907 -48.5200000000004 0.24 8725.27 -0.051 0.157143 2.7e-05 0.190113 1.2e-05
2458536.52885 -52.2900000000009 0.25 8725.79 -0.0516 0.157301 2.9e-05 0.18993 1.3e-05
2458536.595111 -50.9700000000012 0.21 8725.97 -0.0523 0.158467 2.1e-05 0.190357 1e-05
2458536.597025 -51.6400000000012 0.22 8726.41 -0.0519 0.158099 2.2e-05 0.190646 1.1e-05
2458536.59894 -50.0600000000013 0.21 8724.09 -0.0508 0.158087 2.2e-05 0.190225 1e-05
2458536.600915 -50.3500000000004 0.2 8726.37 -0.0515 0.158478 2e-05 0.190853 1e-05
2458536.602863 -52.5 0.21 8726.07 -0.0511 0.158794 2e-05 0.190427 1e-05
2458536.604778 -49.1600000000017 0.2 8725.71 -0.0524 0.1589 1.9e-05 0.19058 1e-05
