BJD RV eRV
2454335.894072 6.610000 1.100000 
2454335.900727 6.510000 1.100000 
2454336.749507 7.240000 1.030000 
2454336.862376 3.760000 1.040000 
2454336.950361 0.430000 1.010000 
2454337.732255 -14.420000 1.090000 
2454337.921766 -9.000000 1.020000 
2454338.742941 -15.590000 0.910000 
2454338.921215 -12.790000 1.000000 
2454339.893673 -5.890000 0.990000 
2454343.839547 -17.250000 1.080000 
2454344.969187 -13.790000 1.140000 
2454396.753936 -1.670000 1.090000 
2454397.769778 -2.350000 1.150000 
2454427.728547 -2.980000 1.310000 
2454428.696761 3.820000 1.630000 
2454430.698141 -7.130000 1.300000 
2454454.708245 -14.470000 1.670000 
2454455.698608 -16.910000 1.480000 
2454456.690520 -16.050000 1.410000 
2454457.687457 -5.120000 1.540000 
2454460.728024 -18.450000 1.620000 
2454549.095314 -9.970000 1.280000 
2454549.133486 -8.230000 1.320000 
2454602.949356 1.080000 1.160000 
2454603.008583 2.300000 1.160000 
2454603.120278 2.440000 1.230000 
2454603.954037 4.910000 1.370000 
2454604.033704 2.930000 1.290000 
2454604.128442 11.290000 1.250000 
2454634.006667 18.070000 1.380000 
2454634.957160 17.750000 1.200000 
2454636.010863 5.840000 1.270000 
2454637.996064 6.140000 1.130000 
2454639.030273 17.100000 1.110000 
2454640.080699 -4.090000 1.340000 
2454641.059536 -5.920000 1.290000 
2454674.990472 -10.770000 1.330000 
2454722.810222 7.350000 1.260000 
2454723.802749 -6.870000 1.300000 
2454725.817244 -3.480000 1.190000 
2454726.850937 11.730000 1.170000 
2454727.772768 14.340000 1.180000 
2454727.904096 9.270000 1.140000 
2454777.799725 0.240000 1.300000 
2454778.785797 1.720000 1.830000 
2454779.804924 7.080000 1.370000 
2454790.689109 20.930000 1.490000 
2454805.691401 13.390000 1.440000 
2454806.706629 -1.520000 1.490000 
2454807.705065 -5.870000 1.360000 
2454808.750548 1.590000 1.320000 
2454809.712793 11.760000 2.250000 
2454810.704888 18.580000 1.590000 
2454930.105300 -3.410000 2.140000 
2454955.039108 2.190000 1.270000 
2454957.044047 -3.610000 2.750000 
2454983.996934 -2.350000 1.230000 
2454985.057216 10.150000 1.210000 
2454987.017414 18.190000 1.170000 
2454988.016339 5.440000 1.200000 
2455017.085009 4.740000 1.180000 
2455042.054436 4.850000 1.360000 
2455042.993404 7.310000 1.270000 
2455044.081156 8.620000 1.420000 
2455045.056742 18.990000 1.430000 
2455045.746505 5.250000 3.070000 
2455045.793982 11.190000 1.730000 
2455045.798264 8.260000 1.730000 
2455045.802095 7.900000 1.720000 
2455045.806633 6.980000 1.650000 
2455045.811424 7.600000 1.820000 
2455048.930611 6.250000 1.470000 
2455075.761713 5.110000 1.000000 
2455107.729659 17.770000 2.780000 
2455192.702283 18.530000 1.190000 
2455321.050296 1.890000 1.000000 
2455343.910809 9.510000 1.320000 
2455343.914780 6.130000 1.450000 
2455343.918866 13.250000 1.400000 
2455343.922778 10.090000 1.300000 
2455343.926713 8.660000 1.280000 
2455343.930532 6.310000 1.280000 
2455343.934387 9.240000 1.370000 
2455343.938264 11.340000 1.410000 
2455343.942316 10.280000 1.260000 
2455343.945927 9.380000 1.240000 
2455343.949550 13.520000 1.400000 
2455343.953184 10.260000 1.310000 
2455343.956911 7.240000 1.330000 
2455343.961621 8.160000 1.460000 
2455343.966217 11.420000 1.430000 
2455343.970314 9.570000 1.420000 
2455343.974319 9.590000 1.300000 
2455343.978509 10.120000 1.360000 
2455343.982560 9.520000 1.340000 
2455343.986530 11.770000 1.400000 
2455343.990419 8.550000 1.240000 
2455343.994100 8.190000 1.170000 
2455343.997515 14.540000 1.200000 
2455344.000778 12.000000 1.280000 
2455344.004332 8.090000 1.320000 
2455344.007758 9.670000 1.250000 
2455344.011427 8.670000 1.380000 
2455344.015234 11.080000 1.320000 
2455344.018893 9.530000 1.330000 
2455344.042492 11.000000 1.310000 
2455344.079265 4.570000 1.430000 
2455344.116859 6.520000 1.390000 
2455376.068863 2.770000 1.180000 
2455431.744345 20.880000 1.150000 
2455431.747482 18.040000 1.110000 
2455431.750503 20.190000 1.240000 
2455431.821880 16.740000 1.260000 
2455431.824912 17.050000 1.220000 
2455431.828049 17.390000 1.110000 
2455431.831138 15.010000 1.150000 
2455431.834101 18.150000 1.130000 
2455431.837168 15.530000 1.230000 
2455431.840154 16.310000 1.150000 
2455431.843141 18.290000 1.140000 
2455431.846231 15.640000 1.160000 
2455431.849078 16.250000 1.260000 
2455431.851960 18.040000 1.170000 
2455431.854842 17.180000 1.070000 
2455431.857782 18.820000 1.090000 
2455431.860733 13.560000 1.170000 
2455431.863696 16.840000 1.190000 
2455431.866891 18.850000 1.190000 
2455431.869992 14.780000 1.120000 
2455431.872979 20.090000 1.150000 
2455431.875895 16.070000 1.120000 
2455431.878928 17.410000 1.190000 
2455431.881914 17.580000 1.120000 
2455431.884819 15.340000 1.260000 
2455431.887863 14.240000 1.160000 
2455431.890860 10.930000 1.250000 
2455431.893823 15.130000 1.120000 
2455431.896821 15.280000 1.160000 
2455431.899807 15.770000 1.170000 
2455431.902793 14.460000 1.110000 
2455431.905779 15.770000 1.180000 
2455431.908731 16.930000 1.170000 
2455431.911717 15.580000 1.130000 
2455431.914726 10.420000 1.180000 
2455431.917735 12.780000 1.150000 
2455431.920756 12.430000 1.080000 
2455431.923858 15.020000 1.210000 
2455431.927110 15.260000 1.270000 
2455431.930293 12.280000 1.280000 
2455431.933442 13.340000 1.200000 
2455431.936682 12.630000 1.110000 
2455431.939935 14.470000 1.170000 
2455431.943129 13.940000 1.240000 
2455431.946277 12.790000 1.250000 
2455431.949506 11.290000 1.160000 
2455431.952782 14.370000 1.210000 
2455431.956069 11.930000 1.210000 
2455431.959460 13.040000 1.280000 
2455431.962967 13.640000 1.160000 
2455431.966451 12.830000 1.280000 
2455431.969900 13.210000 1.250000 
2455431.973222 13.200000 1.220000 
2455431.976613 14.330000 1.240000 
2455431.979935 12.680000 1.190000 
2455431.983256 12.620000 1.200000 
2455431.986589 15.640000 1.220000 
2455431.989945 13.660000 1.320000 
2455431.993278 8.960000 1.250000 
2455431.996542 11.010000 1.170000 
2455431.999957 10.870000 1.120000 
2455432.003197 14.240000 1.180000 
2455432.006438 9.860000 1.240000 
2455432.009725 13.010000 1.160000 
2455432.012920 10.860000 1.140000 
2455432.016207 10.940000 1.200000 
2455432.019366 14.350000 1.140000 
2455432.022561 16.280000 1.210000 
2455432.058209 7.030000 1.330000 
2455432.060605 12.250000 1.430000 
2455432.063093 9.270000 1.420000 
2455469.781791 22.590000 1.230000 
2455706.943866 2.130000 1.180000 
2455843.874710 6.720000 1.390000 
2455903.711348 20.860000 1.380000 
2456165.062865 16.370000 1.400000 
2456167.039190 5.500000 1.250000 
2456450.112351 1.030000 1.240000 
2456487.122859 19.680000 1.450000 
2456494.934187 10.690000 1.340000 
2456846.855628 -40.050000 1.470000 
2456860.911433 -52.870000 1.770000 
2456861.978428 -45.160000 1.460000 
2456862.967874 -26.540000 1.390000 
2456864.081291 -40.800000 1.590000 
2456865.123422 -37.630000 1.550000 
2456866.113005 -40.770000 1.800000 
2456867.080354 -32.180000 1.610000 
2456872.959746 -24.980000 1.440000 
2456880.779641 -41.510000 1.380000 
2456881.755869 -40.820000 1.450000 
2456883.011275 -32.680000 1.300000 
2456884.014065 -47.640000 1.440000 
2456889.048314 -56.990000 1.320000 
2456891.915847 -51.020000 1.420000 
2456893.048572 -38.500000 1.380000 
2456895.057065 -54.770000 1.400000 
2456907.022009 -34.010000 1.490000 
2456908.012039 -46.760000 1.520000 
2456908.873959 -49.390000 1.450000 
2456909.999646 -55.730000 1.500000 
2456910.954559 -42.570000 1.480000 
2456912.020165 -32.940000 1.670000 
2457000.742411 -39.220000 1.380000 
2457001.735477 -53.660000 1.340000 
2457002.709679 -52.320000 1.450000 
2457151.130261 -20.120000 1.310000 
2457180.124917 -21.380000 1.360000 
2457202.885340 -39.290000 1.390000 
2457208.116933 -35.440000 1.510000 
2457216.005064 -23.470000 1.330000 
2457218.119399 -37.840000 1.430000 
2457233.104968 -33.490000 1.630000 
2457234.110591 -20.500000 1.360000 
2457237.080501 -32.680000 1.420000 
2457241.101788 -25.790000 1.390000 
2457247.084873 -38.860000 1.380000 
2457296.962880 -26.800000 1.570000 
2457326.847184 -21.650000 1.680000 
2457353.791097 -31.870000 1.510000 
2457355.776819 -20.150000 1.550000 
2457378.706736 -37.230000 1.490000 
2457598.973987 -22.610000 1.510000 
2457703.790933 -1.090000 1.500000 
2457829.112067 -9.440000 1.460000 
2457830.149069 -1.560000 1.450000 
2457831.121719 12.750000 1.370000 
2457853.139450 -15.350000 1.500000 
2457855.120859 8.110000 1.500000 
2457888.079243 -9.420000 1.240000 
2457911.987851 -16.620000 1.220000 
2457923.988066 11.390000 1.370000 
2457925.078910 -4.390000 1.590000 
2457927.054294 1.100000 1.320000 
2457933.012972 16.180000 1.330000 
2457940.005605 -11.910000 1.350000 
2457943.022341 1.540000 1.450000 
2457943.959584 1.250000 1.450000 
2457946.047557 -10.270000 1.470000 
2457963.853202 13.790000 1.440000 
2457971.883899 -4.770000 1.280000 
2457993.865536 -4.470000 1.180000 
2458263.121664 -7.850000 1.330000 
2458387.942742 2.730000 1.440000 
2458391.800877 -7.440000 1.450000 
2458648.998779 4.780000 1.350000 
2458776.872622 -1.610000 1.410000 
2459087.922296 10.890000 1.340000 
2459752.065016 17.380000 1.250000 
2460485.119757 -22.580000 1.420000 
2460487.882823 -44.210000 1.630000 
