BJD RV eRV
2453047.61909 56.144 3.57
2453059.62669 56.128 2.075
2453374.73911 23.837 5.937
2453764.66935 -6.988 2.06
2453836.55491 -7.834 3.059
2454121.69511 -18.078 1.51
2454137.65801 -23.895 2.276
2454169.56217 -21.634 2.973
2454387.87596 -27.929 3.385
2454426.86286 -35.985 4.923
2454529.63046 -32.219 3.054
2454841.80334 -33.107 2.347
2454846.82233 -33.831 2.601
2454872.68916 -33.266 3.916
2455217.7286 -30.938 4.891
2455264.63592 -31.948 2.969
2455299.49156 -27.561 1.94
2455313.53809 -38.8 4.463
2455315.50745 -31.48 3.757
2455358.46789 -22.538 3.956
2455525.80778 -27.763 1.81
2455530.7447 -28.571 2.893
2455531.81719 -31.265 3.664
2455531.81816 -21.689 3.402
2455531.8191 -31.376 3.292
2455531.82006 -29.095 4.035
2455531.821 -26.838 3.579
2455531.82195 -30.837 3.682
2455531.82289 -24.105 3.393
2455531.82384 -21.623 3.435
2455531.82479 -25.798 3.308
2455531.82573 -30.203 3.404
2455531.82973 -24.927 3.771
2455531.83068 -22.043 3.893
2455531.83162 -31.266 3.818
2455531.83254 -27.034 3.691
2455531.83348 -31.552 3.487
2455531.83443 -29.593 3.783
2455531.83538 -28.317 3.554
2455531.83632 -27.873 3.633
2455531.83728 -23.167 3.55
2455531.83823 -28.625 3.428
2455543.79494 -29.063 2.423
2455587.64416 -30.346 1.664
2455637.56856 -23.036 4.142
2455655.49822 -28.273 2.467
2455689.52866 -25.416 6.706
2455695.46139 -30.672 2.252
2455956.56706 -17.464 1.683
2455968.67057 -17.914 3.138
2456616.86465 16.795 1.696
2456763.50933 36.533 1.279
2456763.54356 32.694 1.194
2456968.83595 62.203 1.869
2456968.84689 64.622 1.656
2456996.86493 68.995 2.158
2457102.49098 94.846 3.568
2457158.50842 121.74 2.924
