BJD RV eRV
2457352.795996 0 6.560255
2457370.733081 8.48287400000117 1.422274
2457374.744723 14.9650760000004 1.188822
2457414.643191 40.9916129999983 2.229786
2457429.643588 42.9245040000023 1.0364
2457454.606152 54.1664870000022 1.055265
2457684.87181 47.1442240000033 2.419671
2457715.850182 45.7104840000029 2.585207
2457730.73677 36.3077889999986 1.556074
2457754.752201 13.1637600000031 3.166402
2457822.609987 -25.2164120000016 1.159488
2457847.542118 -35.048698999999 1.831285
2458014.853449 -100.795190999997 1.900776
2458068.850395 -114.866034999999 1.080116
2458071.77078 -122.085440000003 1.014238
2458114.681854 -135.840899000003 1.159704
2458126.700581 -139.280749999998 1.294261
2458158.725327 -148.774232999996 0.967631
2458159.611872 -150.940576000001 1.042077
2458392.889888 -181.531845999998 1.168211
2458474.815848 -190.391278000003 1.197871
2458551.698199 -194.044317 1.585027
2458562.569398 -211.935351 2.830871
2458725.924746 -214.421706000001 2.129591
2459197.658374 -227.655233999998 4.387967
2459213.655219 -228.046943000001 4.480282
2459236.689491 -230.865473999998 4.946898
2459280.641125 -234.995701 5.858366
2459501.879985 -232.626595000002 2.982763
2459508.893666 -240.468876999999 7.225051
2459567.784381 -233.514504999999 6.246358
2459595.797072 -248.867215999999 0.597858
2459656.637547 -236.711224999999 0.851245
